=====================================================
Epoch: 1
[[44  5  0  2]
 [14 14 14  9]
 [ 9  9 30  3]
 [21  2 12 16]]
OA: 50%
Cohen's kappa: 0.34
              precision    recall  f1-score   support

           0       0.50      0.86      0.63        51
           1       0.47      0.27      0.35        51
           2       0.54      0.59      0.56        51
           3       0.53      0.31      0.40        51

   micro avg       0.51      0.51      0.51       204
   macro avg       0.51      0.51      0.48       204
weighted avg       0.51      0.51      0.48       204
=====================================================
Epoch: 2
[[38  8  2  3]
 [10 20 17  4]
 [ 0  6 39  6]
 [ 6  9  9 27]]
OA: 60%
Cohen's kappa: 0.47
              precision    recall  f1-score   support

           0       0.70      0.75      0.72        51
           1       0.47      0.39      0.43        51
           2       0.58      0.76      0.66        51
           3       0.68      0.53      0.59        51

   micro avg       0.61      0.61      0.61       204
   macro avg       0.61      0.61      0.60       204
weighted avg       0.61      0.61      0.60       204
=====================================================
Epoch: 3
[[37 13  0  1]
 [ 7 40  3  1]
 [ 2 15 30  4]
 [19 16  2 14]]
OA: 59%
Cohen's kappa: 0.45
              precision    recall  f1-score   support

           0       0.57      0.73      0.64        51
           1       0.48      0.78      0.59        51
           2       0.86      0.59      0.70        51
           3       0.70      0.27      0.39        51

   micro avg       0.59      0.59      0.59       204
   macro avg       0.65      0.59      0.58       204
weighted avg       0.65      0.59      0.58       204
=====================================================
Epoch: 4
[[41  5  4  1]
 [ 8 26 13  4]
 [ 1  5 42  3]
 [ 8  3 19 21]]
OA: 63%
Cohen's kappa: 0.51
              precision    recall  f1-score   support

           0       0.71      0.80      0.75        51
           1       0.67      0.51      0.58        51
           2       0.54      0.82      0.65        51
           3       0.72      0.41      0.53        51

   micro avg       0.64      0.64      0.64       204
   macro avg       0.66      0.64      0.63       204
weighted avg       0.66      0.64      0.63       204
