=====================================================
Epoch: 1
[[20  6  1  0]
 [ 2 10  7  1]
 [ 0  7 14  0]
 [ 5  7  6  6]]
OA: 54%
Cohen's kappa: 0.39
              precision    recall  f1-score   support

           0       0.74      0.74      0.74        27
           1       0.33      0.50      0.40        20
           2       0.50      0.67      0.57        21
           3       0.86      0.25      0.39        24

   micro avg       0.54      0.54      0.54        92
   macro avg       0.61      0.54      0.52        92
weighted avg       0.63      0.54      0.54        92
=====================================================
Epoch: 2
[[ 8  9  5  5]
 [ 0 10  9  1]
 [ 0  7 14  0]
 [ 2  9 10  3]]
OA: 38%
Cohen's kappa: 0.19
              precision    recall  f1-score   support

           0       0.80      0.30      0.43        27
           1       0.29      0.50      0.36        20
           2       0.37      0.67      0.47        21
           3       0.33      0.12      0.18        24

   micro avg       0.38      0.38      0.38        92
   macro avg       0.45      0.40      0.36        92
weighted avg       0.47      0.38      0.36        92
=====================================================
Epoch: 3
[[13  8  4  2]
 [ 1 12  7  0]
 [ 0  2 19  0]
 [ 1  7 11  5]]
OA: 53%
Cohen's kappa: 0.38
              precision    recall  f1-score   support

           0       0.87      0.48      0.62        27
           1       0.41      0.60      0.49        20
           2       0.46      0.90      0.61        21
           3       0.71      0.21      0.32        24

   micro avg       0.53      0.53      0.53        92
   macro avg       0.61      0.55      0.51        92
weighted avg       0.64      0.53      0.51        92
=====================================================
Epoch: 4
[[13 11  0  3]
 [ 1 17  1  1]
 [ 0  2 15  4]
 [ 1  2  3 18]]
OA: 68%
Cohen's kappa: 0.58
              precision    recall  f1-score   support

           0       0.87      0.48      0.62        27
           1       0.53      0.85      0.65        20
           2       0.79      0.71      0.75        21
           3       0.69      0.75      0.72        24

   micro avg       0.68      0.68      0.68        92
   macro avg       0.72      0.70      0.69        92
weighted avg       0.73      0.68      0.68        92
=====================================================
Epoch: 5
[[12  5  6  4]
 [ 1 11  7  1]
 [ 0  2 19  0]
 [ 0  5 14  5]]
OA: 51%
Cohen's kappa: 0.35
              precision    recall  f1-score   support

           0       0.92      0.44      0.60        27
           1       0.48      0.55      0.51        20
           2       0.41      0.90      0.57        21
           3       0.50      0.21      0.29        24

   micro avg       0.51      0.51      0.51        92
   macro avg       0.58      0.53      0.49        92
weighted avg       0.60      0.51      0.49        92
=====================================================
Epoch: 6
[[13  7  1  6]
 [ 1 15  2  2]
 [ 0  6 14  1]
 [ 0  4  6 14]]
OA: 60%
Cohen's kappa: 0.48
              precision    recall  f1-score   support

           0       0.93      0.48      0.63        27
           1       0.47      0.75      0.58        20
           2       0.61      0.67      0.64        21
           3       0.61      0.58      0.60        24

   micro avg       0.61      0.61      0.61        92
   macro avg       0.65      0.62      0.61        92
weighted avg       0.67      0.61      0.61        92
=====================================================
Epoch: 7
[[16  7  3  1]
 [ 6  9  5  0]
 [ 1  3 17  0]
 [ 0 10  8  6]]
OA: 52%
Cohen's kappa: 0.36
              precision    recall  f1-score   support

           0       0.70      0.59      0.64        27
           1       0.31      0.45      0.37        20
           2       0.52      0.81      0.63        21
           3       0.86      0.25      0.39        24

   micro avg       0.52      0.52      0.52        92
   macro avg       0.59      0.53      0.51        92
weighted avg       0.61      0.52      0.51        92
=====================================================
Epoch: 8
[[15  7  2  3]
 [ 2 11  6  1]
 [ 0  6 15  0]
 [ 0  8  9  7]]
OA: 52%
Cohen's kappa: 0.37
              precision    recall  f1-score   support

           0       0.88      0.56      0.68        27
           1       0.34      0.55      0.42        20
           2       0.47      0.71      0.57        21
           3       0.64      0.29      0.40        24

   micro avg       0.52      0.52      0.52        92
   macro avg       0.58      0.53      0.52        92
weighted avg       0.61      0.52      0.53        92
=====================================================
Epoch: 9
[[17  3  1  6]
 [ 4  6  8  2]
 [ 1  1 16  3]
 [ 0  2  3 19]]
OA: 63%
Cohen's kappa: 0.5
              precision    recall  f1-score   support

           0       0.77      0.63      0.69        27
           1       0.50      0.30      0.37        20
           2       0.57      0.76      0.65        21
           3       0.63      0.79      0.70        24

   micro avg       0.63      0.63      0.63        92
   macro avg       0.62      0.62      0.61        92
weighted avg       0.63      0.63      0.62        92
=====================================================
Epoch: 10
[[10  6  2  9]
 [ 0  6 11  3]
 [ 0  1 20  0]
 [ 0  1  6 17]]
OA: 57%
Cohen's kappa: 0.43
              precision    recall  f1-score   support

           0       1.00      0.37      0.54        27
           1       0.43      0.30      0.35        20
           2       0.51      0.95      0.67        21
           3       0.59      0.71      0.64        24

   micro avg       0.58      0.58      0.58        92
   macro avg       0.63      0.58      0.55        92
weighted avg       0.66      0.58      0.55        92
=====================================================
Epoch: 11
[[15  8  0  4]
 [ 4 12  1  3]
 [ 1  4 14  2]
 [ 0  7  4 13]]
OA: 58%
Cohen's kappa: 0.45
              precision    recall  f1-score   support

           0       0.75      0.56      0.64        27
           1       0.39      0.60      0.47        20
           2       0.74      0.67      0.70        21
           3       0.59      0.54      0.57        24

   micro avg       0.59      0.59      0.59        92
   macro avg       0.62      0.59      0.59        92
weighted avg       0.63      0.59      0.60        92
=====================================================
Epoch: 12
[[14  9  1  3]
 [ 1  9  9  1]
 [ 0  1 20  0]
 [ 0  2  9 13]]
OA: 60%
Cohen's kappa: 0.48
              precision    recall  f1-score   support

           0       0.93      0.52      0.67        27
           1       0.43      0.45      0.44        20
           2       0.51      0.95      0.67        21
           3       0.76      0.54      0.63        24

   micro avg       0.61      0.61      0.61        92
   macro avg       0.66      0.62      0.60        92
weighted avg       0.68      0.61      0.61        92
=====================================================
Epoch: 13
[[17  4  1  5]
 [ 5  8  4  3]
 [ 1  1 17  2]
 [ 0  5 11  8]]
OA: 54%
Cohen's kappa: 0.39
              precision    recall  f1-score   support

           0       0.74      0.63      0.68        27
           1       0.44      0.40      0.42        20
           2       0.52      0.81      0.63        21
           3       0.44      0.33      0.38        24

   micro avg       0.54      0.54      0.54        92
   macro avg       0.54      0.54      0.53        92
weighted avg       0.55      0.54      0.53        92
=====================================================
Epoch: 14
[[16  6  1  4]
 [ 2 13  3  2]
 [ 1  2 15  3]
 [ 0  3  5 16]]
OA: 65%
Cohen's kappa: 0.53
              precision    recall  f1-score   support

           0       0.84      0.59      0.70        27
           1       0.54      0.65      0.59        20
           2       0.62      0.71      0.67        21
           3       0.64      0.67      0.65        24

   micro avg       0.65      0.65      0.65        92
   macro avg       0.66      0.66      0.65        92
weighted avg       0.67      0.65      0.66        92
=====================================================
Epoch: 15
[[21  3  2  1]
 [ 5  7  7  1]
 [ 0  1 19  1]
 [ 2  2  8 12]]
OA: 64%
Cohen's kappa: 0.52
              precision    recall  f1-score   support

           0       0.75      0.78      0.76        27
           1       0.54      0.35      0.42        20
           2       0.53      0.90      0.67        21
           3       0.80      0.50      0.62        24

   micro avg       0.64      0.64      0.64        92
   macro avg       0.65      0.63      0.62        92
weighted avg       0.67      0.64      0.63        92
=====================================================
Epoch: 16
[[11  9  1  6]
 [ 2 12  5  1]
 [ 0  2 17  2]
 [ 0  6  3 15]]
OA: 59%
Cohen's kappa: 0.46
              precision    recall  f1-score   support

           0       0.85      0.41      0.55        27
           1       0.41      0.60      0.49        20
           2       0.65      0.81      0.72        21
           3       0.62      0.62      0.62        24

   micro avg       0.60      0.60      0.60        92
   macro avg       0.63      0.61      0.60        92
weighted avg       0.65      0.60      0.60        92
=====================================================
Epoch: 17
[[16  9  1  1]
 [ 1 11  6  2]
 [ 0  1 19  1]
 [ 0  2  7 15]]
OA: 66%
Cohen's kappa: 0.55
              precision    recall  f1-score   support

           0       0.94      0.59      0.73        27
           1       0.48      0.55      0.51        20
           2       0.58      0.90      0.70        21
           3       0.79      0.62      0.70        24

   micro avg       0.66      0.66      0.66        92
   macro avg       0.70      0.67      0.66        92
weighted avg       0.72      0.66      0.67        92
=====================================================
Epoch: 18
[[19  4  0  4]
 [ 3 11  2  4]
 [ 1  1 18  1]
 [ 0  0  3 21]]
OA: 75%
Cohen's kappa: 0.66
              precision    recall  f1-score   support

           0       0.83      0.70      0.76        27
           1       0.69      0.55      0.61        20
           2       0.78      0.86      0.82        21
           3       0.70      0.88      0.78        24

   micro avg       0.75      0.75      0.75        92
   macro avg       0.75      0.75      0.74        92
weighted avg       0.75      0.75      0.75        92
=====================================================
Epoch: 19
[[20  4  0  3]
 [ 5 13  2  0]
 [ 1  2 16  2]
 [ 0  3  5 16]]
OA: 70%
Cohen's kappa: 0.6
              precision    recall  f1-score   support

           0       0.77      0.74      0.75        27
           1       0.59      0.65      0.62        20
           2       0.70      0.76      0.73        21
           3       0.76      0.67      0.71        24

   micro avg       0.71      0.71      0.71        92
   macro avg       0.70      0.70      0.70        92
weighted avg       0.71      0.71      0.71        92
=====================================================
Epoch: 20
[[10 10  3  4]
 [ 2 11  5  2]
 [ 1  2 16  2]
 [ 0  5  6 13]]
OA: 54%
Cohen's kappa: 0.39
              precision    recall  f1-score   support

           0       0.77      0.37      0.50        27
           1       0.39      0.55      0.46        20
           2       0.53      0.76      0.63        21
           3       0.62      0.54      0.58        24

   micro avg       0.54      0.54      0.54        92
   macro avg       0.58      0.56      0.54        92
weighted avg       0.59      0.54      0.54        92
=====================================================
Epoch: 21
[[21  4  1  1]
 [ 3 13  3  1]
 [ 0  4 14  3]
 [ 2  5  4 13]]
OA: 66%
Cohen's kappa: 0.55
              precision    recall  f1-score   support

           0       0.81      0.78      0.79        27
           1       0.50      0.65      0.57        20
           2       0.64      0.67      0.65        21
           3       0.72      0.54      0.62        24

   micro avg       0.66      0.66      0.66        92
   macro avg       0.67      0.66      0.66        92
weighted avg       0.68      0.66      0.67        92
=====================================================
Epoch: 22
[[16  8  1  2]
 [ 1 16  2  1]
 [ 0  5 14  2]
 [ 0  6  4 14]]
OA: 65%
Cohen's kappa: 0.54
              precision    recall  f1-score   support

           0       0.94      0.59      0.73        27
           1       0.46      0.80      0.58        20
           2       0.67      0.67      0.67        21
           3       0.74      0.58      0.65        24

   micro avg       0.65      0.65      0.65        92
   macro avg       0.70      0.66      0.66        92
weighted avg       0.72      0.65      0.66        92
=====================================================
Epoch: 23
[[17  7  1  2]
 [ 2 11  7  0]
 [ 0  1 19  1]
 [ 0  2  8 14]]
OA: 66%
Cohen's kappa: 0.55
              precision    recall  f1-score   support

           0       0.89      0.63      0.74        27
           1       0.52      0.55      0.54        20
           2       0.54      0.90      0.68        21
           3       0.82      0.58      0.68        24

   micro avg       0.66      0.66      0.66        92
   macro avg       0.70      0.67      0.66        92
weighted avg       0.72      0.66      0.67        92
=====================================================
Epoch: 24
[[15  9  1  2]
 [ 2 15  3  0]
 [ 1  2 17  1]
 [ 0  6  9  9]]
OA: 60%
Cohen's kappa: 0.48
              precision    recall  f1-score   support

           0       0.83      0.56      0.67        27
           1       0.47      0.75      0.58        20
           2       0.57      0.81      0.67        21
           3       0.75      0.38      0.50        24

   micro avg       0.61      0.61      0.61        92
   macro avg       0.65      0.62      0.60        92
weighted avg       0.67      0.61      0.60        92
=====================================================
Epoch: 25
[[20  5  0  2]
 [ 3 14  3  0]
 [ 1  3 16  1]
 [ 0  9  5 10]]
OA: 65%
Cohen's kappa: 0.53
              precision    recall  f1-score   support

           0       0.83      0.74      0.78        27
           1       0.45      0.70      0.55        20
           2       0.67      0.76      0.71        21
           3       0.77      0.42      0.54        24

   micro avg       0.65      0.65      0.65        92
   macro avg       0.68      0.65      0.65        92
weighted avg       0.70      0.65      0.65        92
=====================================================
Epoch: 26
[[16  8  2  1]
 [ 2 14  4  0]
 [ 0  1 19  1]
 [ 0  6  8 10]]
OA: 64%
Cohen's kappa: 0.52
              precision    recall  f1-score   support

           0       0.89      0.59      0.71        27
           1       0.48      0.70      0.57        20
           2       0.58      0.90      0.70        21
           3       0.83      0.42      0.56        24

   micro avg       0.64      0.64      0.64        92
   macro avg       0.70      0.65      0.64        92
weighted avg       0.71      0.64      0.64        92
=====================================================
Epoch: 27
[[18  5  2  2]
 [ 2 13  3  2]
 [ 0  2 17  2]
 [ 0  4  4 16]]
OA: 69%
Cohen's kappa: 0.59
              precision    recall  f1-score   support

           0       0.90      0.67      0.77        27
           1       0.54      0.65      0.59        20
           2       0.65      0.81      0.72        21
           3       0.73      0.67      0.70        24

   micro avg       0.70      0.70      0.70        92
   macro avg       0.71      0.70      0.69        92
weighted avg       0.72      0.70      0.70        92
=====================================================
Epoch: 28
[[16  7  3  1]
 [ 3 14  3  0]
 [ 0  2 19  0]
 [ 0  4  7 13]]
OA: 67%
Cohen's kappa: 0.56
              precision    recall  f1-score   support

           0       0.84      0.59      0.70        27
           1       0.52      0.70      0.60        20
           2       0.59      0.90      0.72        21
           3       0.93      0.54      0.68        24

   micro avg       0.67      0.67      0.67        92
   macro avg       0.72      0.68      0.67        92
weighted avg       0.74      0.67      0.68        92
=====================================================
Epoch: 29
[[17  7  2  1]
 [ 1 15  3  1]
 [ 0  3 16  2]
 [ 0  5  5 14]]
OA: 67%
Cohen's kappa: 0.56
              precision    recall  f1-score   support

           0       0.94      0.63      0.76        27
           1       0.50      0.75      0.60        20
           2       0.62      0.76      0.68        21
           3       0.78      0.58      0.67        24

   micro avg       0.67      0.67      0.67        92
   macro avg       0.71      0.68      0.68        92
weighted avg       0.73      0.67      0.68        92
=====================================================
Epoch: 30
[[13 11  2  1]
 [ 1 13  6  0]
 [ 0  1 18  2]
 [ 0  6  7 11]]
OA: 59%
Cohen's kappa: 0.47
              precision    recall  f1-score   support

           0       0.93      0.48      0.63        27
           1       0.42      0.65      0.51        20
           2       0.55      0.86      0.67        21
           3       0.79      0.46      0.58        24

   micro avg       0.60      0.60      0.60        92
   macro avg       0.67      0.61      0.60        92
weighted avg       0.69      0.60      0.60        92
=====================================================
Epoch: 31
[[19  5  2  1]
 [ 3 15  1  1]
 [ 0  2 17  2]
 [ 0  5  5 14]]
OA: 70%
Cohen's kappa: 0.61
              precision    recall  f1-score   support

           0       0.86      0.70      0.78        27
           1       0.56      0.75      0.64        20
           2       0.68      0.81      0.74        21
           3       0.78      0.58      0.67        24

   micro avg       0.71      0.71      0.71        92
   macro avg       0.72      0.71      0.70        92
weighted avg       0.73      0.71      0.71        92
=====================================================
Epoch: 32
[[16  8  1  2]
 [ 1 19  0  0]
 [ 0  4 15  2]
 [ 0  6  4 14]]
OA: 69%
Cohen's kappa: 0.59
              precision    recall  f1-score   support

           0       0.94      0.59      0.73        27
           1       0.51      0.95      0.67        20
           2       0.75      0.71      0.73        21
           3       0.78      0.58      0.67        24

   micro avg       0.70      0.70      0.70        92
   macro avg       0.75      0.71      0.70        92
weighted avg       0.76      0.70      0.70        92
=====================================================
Epoch: 33
[[16 10  0  1]
 [ 1 19  0  0]
 [ 0  3 16  2]
 [ 0  7  4 13]]
OA: 69%
Cohen's kappa: 0.59
              precision    recall  f1-score   support

           0       0.94      0.59      0.73        27
           1       0.49      0.95      0.64        20
           2       0.80      0.76      0.78        21
           3       0.81      0.54      0.65        24

   micro avg       0.70      0.70      0.70        92
   macro avg       0.76      0.71      0.70        92
weighted avg       0.78      0.70      0.70        92
=====================================================
Epoch: 34
[[15  8  2  2]
 [ 1 15  1  3]
 [ 0  1 18  2]
 [ 0  5  6 13]]
OA: 66%
Cohen's kappa: 0.55
              precision    recall  f1-score   support

           0       0.94      0.56      0.70        27
           1       0.52      0.75      0.61        20
           2       0.67      0.86      0.75        21
           3       0.65      0.54      0.59        24

   micro avg       0.66      0.66      0.66        92
   macro avg       0.69      0.68      0.66        92
weighted avg       0.71      0.66      0.66        92
=====================================================
Epoch: 35
[[17  7  1  2]
 [ 2 17  1  0]
 [ 0  3 16  2]
 [ 0  7  5 12]]
OA: 67%
Cohen's kappa: 0.56
              precision    recall  f1-score   support

           0       0.89      0.63      0.74        27
           1       0.50      0.85      0.63        20
           2       0.70      0.76      0.73        21
           3       0.75      0.50      0.60        24

   micro avg       0.67      0.67      0.67        92
   macro avg       0.71      0.69      0.67        92
weighted avg       0.73      0.67      0.68        92
=====================================================
Epoch: 36
[[20  5  0  2]
 [ 3 17  0  0]
 [ 1  2 16  2]
 [ 0  7  4 13]]
OA: 71%
Cohen's kappa: 0.62
              precision    recall  f1-score   support

           0       0.83      0.74      0.78        27
           1       0.55      0.85      0.67        20
           2       0.80      0.76      0.78        21
           3       0.76      0.54      0.63        24

   micro avg       0.72      0.72      0.72        92
   macro avg       0.74      0.72      0.72        92
weighted avg       0.75      0.72      0.72        92
=====================================================
Epoch: 37
[[10 15  1  1]
 [ 2 18  0  0]
 [ 0  4 15  2]
 [ 0 10  2 12]]
OA: 59%
Cohen's kappa: 0.47
              precision    recall  f1-score   support

           0       0.83      0.37      0.51        27
           1       0.38      0.90      0.54        20
           2       0.83      0.71      0.77        21
           3       0.80      0.50      0.62        24

   micro avg       0.60      0.60      0.60        92
   macro avg       0.71      0.62      0.61        92
weighted avg       0.73      0.60      0.60        92
=====================================================
Epoch: 38
[[20  4  0  3]
 [ 2 13  5  0]
 [ 0  1 18  2]
 [ 0  2  6 16]]
OA: 72%
Cohen's kappa: 0.63
              precision    recall  f1-score   support

           0       0.91      0.74      0.82        27
           1       0.65      0.65      0.65        20
           2       0.62      0.86      0.72        21
           3       0.76      0.67      0.71        24

   micro avg       0.73      0.73      0.73        92
   macro avg       0.74      0.73      0.72        92
weighted avg       0.75      0.73      0.73        92
=====================================================
Epoch: 39
[[15 10  1  1]
 [ 2 15  3  0]
 [ 0  4 15  2]
 [ 0  5  4 15]]
OA: 65%
Cohen's kappa: 0.54
              precision    recall  f1-score   support

           0       0.88      0.56      0.68        27
           1       0.44      0.75      0.56        20
           2       0.65      0.71      0.68        21
           3       0.83      0.62      0.71        24

   micro avg       0.65      0.65      0.65        92
   macro avg       0.70      0.66      0.66        92
weighted avg       0.72      0.65      0.66        92
=====================================================
Epoch: 40
[[19  5  2  1]
 [ 3 14  2  1]
 [ 0  2 17  2]
 [ 0  2  4 18]]
OA: 73%
Cohen's kappa: 0.65
              precision    recall  f1-score   support

           0       0.86      0.70      0.78        27
           1       0.61      0.70      0.65        20
           2       0.68      0.81      0.74        21
           3       0.82      0.75      0.78        24

   micro avg       0.74      0.74      0.74        92
   macro avg       0.74      0.74      0.74        92
weighted avg       0.75      0.74      0.74        92
=====================================================
Epoch: 41
[[15  5  1  6]
 [ 2 13  2  3]
 [ 1  0 17  3]
 [ 0  1  1 22]]
OA: 72%
Cohen's kappa: 0.63
              precision    recall  f1-score   support

           0       0.83      0.56      0.67        27
           1       0.68      0.65      0.67        20
           2       0.81      0.81      0.81        21
           3       0.65      0.92      0.76        24

   micro avg       0.73      0.73      0.73        92
   macro avg       0.74      0.73      0.73        92
weighted avg       0.75      0.73      0.72        92
=====================================================
Epoch: 42
[[17  7  0  3]
 [ 1 17  1  1]
 [ 0  2 17  2]
 [ 0  6  2 16]]
OA: 72%
Cohen's kappa: 0.64
              precision    recall  f1-score   support

           0       0.94      0.63      0.76        27
           1       0.53      0.85      0.65        20
           2       0.85      0.81      0.83        21
           3       0.73      0.67      0.70        24

   micro avg       0.73      0.73      0.73        92
   macro avg       0.76      0.74      0.73        92
weighted avg       0.78      0.73      0.73        92
=====================================================
Epoch: 43
[[18  5  1  3]
 [ 1 16  1  2]
 [ 0  1 18  2]
 [ 0  6  2 16]]
OA: 73%
Cohen's kappa: 0.65
              precision    recall  f1-score   support

           0       0.95      0.67      0.78        27
           1       0.57      0.80      0.67        20
           2       0.82      0.86      0.84        21
           3       0.70      0.67      0.68        24

   micro avg       0.74      0.74      0.74        92
   macro avg       0.76      0.75      0.74        92
weighted avg       0.77      0.74      0.74        92
=====================================================
Epoch: 44
[[18  6  1  2]
 [ 2 16  2  0]
 [ 0  2 17  2]
 [ 0  9  4 11]]
OA: 67%
Cohen's kappa: 0.56
              precision    recall  f1-score   support

           0       0.90      0.67      0.77        27
           1       0.48      0.80      0.60        20
           2       0.71      0.81      0.76        21
           3       0.73      0.46      0.56        24

   micro avg       0.67      0.67      0.67        92
   macro avg       0.71      0.68      0.67        92
weighted avg       0.72      0.67      0.68        92
=====================================================
Epoch: 45
[[17  8  1  1]
 [ 1 18  1  0]
 [ 0  3 16  2]
 [ 0  6  4 14]]
OA: 70%
Cohen's kappa: 0.61
              precision    recall  f1-score   support

           0       0.94      0.63      0.76        27
           1       0.51      0.90      0.65        20
           2       0.73      0.76      0.74        21
           3       0.82      0.58      0.68        24

   micro avg       0.71      0.71      0.71        92
   macro avg       0.75      0.72      0.71        92
weighted avg       0.77      0.71      0.71        92
=====================================================
Epoch: 46
[[20  3  0  4]
 [ 2 15  3  0]
 [ 0  1 18  2]
 [ 0  2  4 18]]
OA: 77%
Cohen's kappa: 0.69
              precision    recall  f1-score   support

           0       0.91      0.74      0.82        27
           1       0.71      0.75      0.73        20
           2       0.72      0.86      0.78        21
           3       0.75      0.75      0.75        24

   micro avg       0.77      0.77      0.77        92
   macro avg       0.77      0.77      0.77        92
weighted avg       0.78      0.77      0.77        92
=====================================================
Epoch: 47
[[18  5  1  3]
 [ 2 14  1  3]
 [ 0  2 17  2]
 [ 0  7  3 14]]
OA: 68%
Cohen's kappa: 0.58
              precision    recall  f1-score   support

           0       0.90      0.67      0.77        27
           1       0.50      0.70      0.58        20
           2       0.77      0.81      0.79        21
           3       0.64      0.58      0.61        24

   micro avg       0.68      0.68      0.68        92
   macro avg       0.70      0.69      0.69        92
weighted avg       0.72      0.68      0.69        92
=====================================================
Epoch: 48
[[21  3  1  2]
 [ 2 14  2  2]
 [ 0  1 18  2]
 [ 0  6  5 13]]
OA: 71%
Cohen's kappa: 0.62
              precision    recall  f1-score   support

           0       0.91      0.78      0.84        27
           1       0.58      0.70      0.64        20
           2       0.69      0.86      0.77        21
           3       0.68      0.54      0.60        24

   micro avg       0.72      0.72      0.72        92
   macro avg       0.72      0.72      0.71        92
weighted avg       0.73      0.72      0.72        92
=====================================================
Epoch: 49
[[20  4  1  2]
 [ 2 13  4  1]
 [ 1  0 18  2]
 [ 0  5  8 11]]
OA: 67%
Cohen's kappa: 0.56
              precision    recall  f1-score   support

           0       0.87      0.74      0.80        27
           1       0.59      0.65      0.62        20
           2       0.58      0.86      0.69        21
           3       0.69      0.46      0.55        24

   micro avg       0.67      0.67      0.67        92
   macro avg       0.68      0.68      0.67        92
weighted avg       0.70      0.67      0.67        92
=====================================================
Epoch: 50
[[20  3  2  2]
 [ 2 12  5  1]
 [ 0  2 17  2]
 [ 0  5  4 15]]
OA: 69%
Cohen's kappa: 0.59
              precision    recall  f1-score   support

           0       0.91      0.74      0.82        27
           1       0.55      0.60      0.57        20
           2       0.61      0.81      0.69        21
           3       0.75      0.62      0.68        24

   micro avg       0.70      0.70      0.70        92
   macro avg       0.70      0.69      0.69        92
weighted avg       0.72      0.70      0.70        92
=====================================================
Epoch: 51
[[19  4  2  2]
 [ 2 13  5  0]
 [ 0  1 18  2]
 [ 0  4  6 14]]
OA: 69%
Cohen's kappa: 0.59
              precision    recall  f1-score   support

           0       0.90      0.70      0.79        27
           1       0.59      0.65      0.62        20
           2       0.58      0.86      0.69        21
           3       0.78      0.58      0.67        24

   micro avg       0.70      0.70      0.70        92
   macro avg       0.71      0.70      0.69        92
weighted avg       0.73      0.70      0.70        92
=====================================================
Epoch: 52
[[20  4  1  2]
 [ 2 14  4  0]
 [ 0  2 17  2]
 [ 0  6  4 14]]
OA: 70%
Cohen's kappa: 0.61
              precision    recall  f1-score   support

           0       0.91      0.74      0.82        27
           1       0.54      0.70      0.61        20
           2       0.65      0.81      0.72        21
           3       0.78      0.58      0.67        24

   micro avg       0.71      0.71      0.71        92
   macro avg       0.72      0.71      0.70        92
weighted avg       0.74      0.71      0.71        92
=====================================================
Epoch: 53
[[19  5  0  3]
 [ 1 18  0  1]
 [ 0  2 16  3]
 [ 0  4  3 17]]
OA: 76%
Cohen's kappa: 0.68
              precision    recall  f1-score   support

           0       0.95      0.70      0.81        27
           1       0.62      0.90      0.73        20
           2       0.84      0.76      0.80        21
           3       0.71      0.71      0.71        24

   micro avg       0.76      0.76      0.76        92
   macro avg       0.78      0.77      0.76        92
weighted avg       0.79      0.76      0.76        92
=====================================================
Epoch: 54
[[14  9  2  2]
 [ 1 16  3  0]
 [ 0  1 18  2]
 [ 0  2  7 15]]
OA: 68%
Cohen's kappa: 0.58
              precision    recall  f1-score   support

           0       0.93      0.52      0.67        27
           1       0.57      0.80      0.67        20
           2       0.60      0.86      0.71        21
           3       0.79      0.62      0.70        24

   micro avg       0.68      0.68      0.68        92
   macro avg       0.72      0.70      0.68        92
weighted avg       0.74      0.68      0.68        92
=====================================================
Epoch: 55
[[17  3  3  4]
 [ 2 11  6  1]
 [ 0  1 18  2]
 [ 0  2  7 15]]
OA: 66%
Cohen's kappa: 0.55
              precision    recall  f1-score   support

           0       0.89      0.63      0.74        27
           1       0.65      0.55      0.59        20
           2       0.53      0.86      0.65        21
           3       0.68      0.62      0.65        24

   micro avg       0.66      0.66      0.66        92
   macro avg       0.69      0.67      0.66        92
weighted avg       0.70      0.66      0.67        92
=====================================================
Epoch: 56
[[20  3  1  3]
 [ 1 16  3  0]
 [ 0  1 18  2]
 [ 0  9  3 12]]
OA: 71%
Cohen's kappa: 0.62
              precision    recall  f1-score   support

           0       0.95      0.74      0.83        27
           1       0.55      0.80      0.65        20
           2       0.72      0.86      0.78        21
           3       0.71      0.50      0.59        24

   micro avg       0.72      0.72      0.72        92
   macro avg       0.73      0.72      0.71        92
weighted avg       0.75      0.72      0.72        92
=====================================================
Epoch: 57
[[21  2  2  2]
 [ 2 15  3  0]
 [ 1  0 18  2]
 [ 0  5  5 14]]
OA: 73%
Cohen's kappa: 0.65
              precision    recall  f1-score   support

           0       0.88      0.78      0.82        27
           1       0.68      0.75      0.71        20
           2       0.64      0.86      0.73        21
           3       0.78      0.58      0.67        24

   micro avg       0.74      0.74      0.74        92
   macro avg       0.74      0.74      0.73        92
weighted avg       0.75      0.74      0.74        92
=====================================================
Epoch: 58
[[20  4  1  2]
 [ 1 17  1  1]
 [ 0  2 17  2]
 [ 0  5  5 14]]
OA: 73%
Cohen's kappa: 0.65
              precision    recall  f1-score   support

           0       0.95      0.74      0.83        27
           1       0.61      0.85      0.71        20
           2       0.71      0.81      0.76        21
           3       0.74      0.58      0.65        24

   micro avg       0.74      0.74      0.74        92
   macro avg       0.75      0.75      0.74        92
weighted avg       0.77      0.74      0.74        92
=====================================================
Epoch: 59
[[16  8  2  1]
 [ 1 16  2  1]
 [ 0  2 17  2]
 [ 0  6  7 11]]
OA: 65%
Cohen's kappa: 0.54
              precision    recall  f1-score   support

           0       0.94      0.59      0.73        27
           1       0.50      0.80      0.62        20
           2       0.61      0.81      0.69        21
           3       0.73      0.46      0.56        24

   micro avg       0.65      0.65      0.65        92
   macro avg       0.70      0.67      0.65        92
weighted avg       0.71      0.65      0.65        92
=====================================================
Epoch: 60
[[15  7  1  4]
 [ 1 14  5  0]
 [ 0  1 18  2]
 [ 0  6  6 12]]
OA: 64%
Cohen's kappa: 0.52
              precision    recall  f1-score   support

           0       0.94      0.56      0.70        27
           1       0.50      0.70      0.58        20
           2       0.60      0.86      0.71        21
           3       0.67      0.50      0.57        24

   micro avg       0.64      0.64      0.64        92
   macro avg       0.68      0.65      0.64        92
weighted avg       0.69      0.64      0.64        92
=====================================================
Epoch: 61
[[18  5  2  2]
 [ 1 16  3  0]
 [ 0  3 16  2]
 [ 0  6  3 15]]
OA: 70%
Cohen's kappa: 0.61
              precision    recall  f1-score   support

           0       0.95      0.67      0.78        27
           1       0.53      0.80      0.64        20
           2       0.67      0.76      0.71        21
           3       0.79      0.62      0.70        24

   micro avg       0.71      0.71      0.71        92
   macro avg       0.73      0.71      0.71        92
weighted avg       0.75      0.71      0.71        92
=====================================================
Epoch: 62
[[17  4  2  4]
 [ 2 16  2  0]
 [ 0  2 16  3]
 [ 0 10  6  8]]
OA: 61%
Cohen's kappa: 0.49
              precision    recall  f1-score   support

           0       0.89      0.63      0.74        27
           1       0.50      0.80      0.62        20
           2       0.62      0.76      0.68        21
           3       0.53      0.33      0.41        24

   micro avg       0.62      0.62      0.62        92
   macro avg       0.64      0.63      0.61        92
weighted avg       0.65      0.62      0.61        92
=====================================================
Epoch: 63
[[12 10  4  1]
 [ 1 13  6  0]
 [ 0  1 19  1]
 [ 0  2 12 10]]
OA: 58%
Cohen's kappa: 0.45
              precision    recall  f1-score   support

           0       0.92      0.44      0.60        27
           1       0.50      0.65      0.57        20
           2       0.46      0.90      0.61        21
           3       0.83      0.42      0.56        24

   micro avg       0.59      0.59      0.59        92
   macro avg       0.68      0.60      0.58        92
weighted avg       0.70      0.59      0.58        92
=====================================================
Epoch: 64
[[22  2  1  2]
 [ 3 13  4  0]
 [ 0  4 15  2]
 [ 0 10  5  9]]
OA: 64%
Cohen's kappa: 0.52
              precision    recall  f1-score   support

           0       0.88      0.81      0.85        27
           1       0.45      0.65      0.53        20
           2       0.60      0.71      0.65        21
           3       0.69      0.38      0.49        24

   micro avg       0.64      0.64      0.64        92
   macro avg       0.66      0.64      0.63        92
weighted avg       0.67      0.64      0.64        92
=====================================================
Epoch: 65
[[18  5  1  3]
 [ 2 14  4  0]
 [ 0  1 19  1]
 [ 0  7  6 11]]
OA: 67%
Cohen's kappa: 0.56
              precision    recall  f1-score   support

           0       0.90      0.67      0.77        27
           1       0.52      0.70      0.60        20
           2       0.63      0.90      0.75        21
           3       0.73      0.46      0.56        24

   micro avg       0.67      0.67      0.67        92
   macro avg       0.70      0.68      0.67        92
weighted avg       0.71      0.67      0.67        92
=====================================================
Epoch: 66
[[16  5  1  5]
 [ 1 17  2  0]
 [ 0  3 17  1]
 [ 0  9  6  9]]
OA: 64%
Cohen's kappa: 0.52
              precision    recall  f1-score   support

           0       0.94      0.59      0.73        27
           1       0.50      0.85      0.63        20
           2       0.65      0.81      0.72        21
           3       0.60      0.38      0.46        24

   micro avg       0.64      0.64      0.64        92
   macro avg       0.67      0.66      0.64        92
weighted avg       0.69      0.64      0.64        92
=====================================================
Epoch: 67
[[17  6  1  3]
 [ 2 14  4  0]
 [ 0  2 17  2]
 [ 0  3  4 17]]
OA: 70%
Cohen's kappa: 0.61
              precision    recall  f1-score   support

           0       0.89      0.63      0.74        27
           1       0.56      0.70      0.62        20
           2       0.65      0.81      0.72        21
           3       0.77      0.71      0.74        24

   micro avg       0.71      0.71      0.71        92
   macro avg       0.72      0.71      0.71        92
weighted avg       0.74      0.71      0.71        92
=====================================================
Epoch: 68
[[18  6  1  2]
 [ 2 14  4  0]
 [ 0  1 19  1]
 [ 0  4  8 12]]
OA: 68%
Cohen's kappa: 0.58
              precision    recall  f1-score   support

           0       0.90      0.67      0.77        27
           1       0.56      0.70      0.62        20
           2       0.59      0.90      0.72        21
           3       0.80      0.50      0.62        24

   micro avg       0.68      0.68      0.68        92
   macro avg       0.71      0.69      0.68        92
weighted avg       0.73      0.68      0.68        92
=====================================================
Epoch: 69
[[20  3  1  3]
 [ 3 16  0  1]
 [ 0  1 18  2]
 [ 0  9  5 10]]
OA: 69%
Cohen's kappa: 0.59
              precision    recall  f1-score   support

           0       0.87      0.74      0.80        27
           1       0.55      0.80      0.65        20
           2       0.75      0.86      0.80        21
           3       0.62      0.42      0.50        24

   micro avg       0.70      0.70      0.70        92
   macro avg       0.70      0.70      0.69        92
weighted avg       0.71      0.70      0.69        92
=====================================================
Epoch: 70
[[21  3  1  2]
 [ 3 15  2  0]
 [ 0  2 17  2]
 [ 0  7  3 14]]
OA: 72%
Cohen's kappa: 0.63
              precision    recall  f1-score   support

           0       0.88      0.78      0.82        27
           1       0.56      0.75      0.64        20
           2       0.74      0.81      0.77        21
           3       0.78      0.58      0.67        24

   micro avg       0.73      0.73      0.73        92
   macro avg       0.74      0.73      0.73        92
weighted avg       0.75      0.73      0.73        92
=====================================================
Epoch: 71
[[19  5  1  2]
 [ 2 15  3  0]
 [ 0  1 18  2]
 [ 0  6  3 15]]
OA: 72%
Cohen's kappa: 0.63
              precision    recall  f1-score   support

           0       0.90      0.70      0.79        27
           1       0.56      0.75      0.64        20
           2       0.72      0.86      0.78        21
           3       0.79      0.62      0.70        24

   micro avg       0.73      0.73      0.73        92
   macro avg       0.74      0.73      0.73        92
weighted avg       0.76      0.73      0.73        92
=====================================================
Epoch: 72
[[17  5  1  4]
 [ 1 16  2  1]
 [ 0  1 18  2]
 [ 0  6  4 14]]
OA: 70%
Cohen's kappa: 0.61
              precision    recall  f1-score   support

           0       0.94      0.63      0.76        27
           1       0.57      0.80      0.67        20
           2       0.72      0.86      0.78        21
           3       0.67      0.58      0.62        24

   micro avg       0.71      0.71      0.71        92
   macro avg       0.73      0.72      0.71        92
weighted avg       0.74      0.71      0.71        92
=====================================================
Epoch: 73
[[21  4  1  1]
 [ 2 15  3  0]
 [ 0  1 19  1]
 [ 0  8  3 13]]
OA: 73%
Cohen's kappa: 0.65
              precision    recall  f1-score   support

           0       0.91      0.78      0.84        27
           1       0.54      0.75      0.63        20
           2       0.73      0.90      0.81        21
           3       0.87      0.54      0.67        24

   micro avg       0.74      0.74      0.74        92
   macro avg       0.76      0.74      0.74        92
weighted avg       0.78      0.74      0.74        92
=====================================================
Epoch: 74
[[19  5  1  2]
 [ 1 15  4  0]
 [ 0  1 19  1]
 [ 0  3 10 11]]
OA: 69%
Cohen's kappa: 0.59
              precision    recall  f1-score   support

           0       0.95      0.70      0.81        27
           1       0.62      0.75      0.68        20
           2       0.56      0.90      0.69        21
           3       0.79      0.46      0.58        24

   micro avg       0.70      0.70      0.70        92
   macro avg       0.73      0.70      0.69        92
weighted avg       0.75      0.70      0.69        92
=====================================================
Epoch: 75
[[21  3  1  2]
 [ 2 15  2  1]
 [ 0  1 19  1]
 [ 0  4  4 16]]
OA: 77%
Cohen's kappa: 0.69
              precision    recall  f1-score   support

           0       0.91      0.78      0.84        27
           1       0.65      0.75      0.70        20
           2       0.73      0.90      0.81        21
           3       0.80      0.67      0.73        24

   micro avg       0.77      0.77      0.77        92
   macro avg       0.77      0.77      0.77        92
weighted avg       0.79      0.77      0.77        92
=====================================================
Epoch: 76
[[17  2  3  5]
 [ 2 11  7  0]
 [ 0  1 18  2]
 [ 0  3  6 15]]
OA: 66%
Cohen's kappa: 0.55
              precision    recall  f1-score   support

           0       0.89      0.63      0.74        27
           1       0.65      0.55      0.59        20
           2       0.53      0.86      0.65        21
           3       0.68      0.62      0.65        24

   micro avg       0.66      0.66      0.66        92
   macro avg       0.69      0.67      0.66        92
weighted avg       0.70      0.66      0.67        92
=====================================================
Epoch: 77
[[21  4  1  1]
 [ 3 15  2  0]
 [ 0  1 18  2]
 [ 0  8  3 13]]
OA: 72%
Cohen's kappa: 0.63
              precision    recall  f1-score   support

           0       0.88      0.78      0.82        27
           1       0.54      0.75      0.63        20
           2       0.75      0.86      0.80        21
           3       0.81      0.54      0.65        24

   micro avg       0.73      0.73      0.73        92
   macro avg       0.74      0.73      0.72        92
weighted avg       0.76      0.73      0.73        92
=====================================================
Epoch: 78
[[18  4  1  4]
 [ 1 14  4  1]
 [ 0  1 18  2]
 [ 0  4  5 15]]
OA: 70%
Cohen's kappa: 0.61
              precision    recall  f1-score   support

           0       0.95      0.67      0.78        27
           1       0.61      0.70      0.65        20
           2       0.64      0.86      0.73        21
           3       0.68      0.62      0.65        24

   micro avg       0.71      0.71      0.71        92
   macro avg       0.72      0.71      0.71        92
weighted avg       0.73      0.71      0.71        92
=====================================================
Epoch: 79
[[20  4  2  1]
 [ 2 14  3  1]
 [ 0  1 18  2]
 [ 0  8  3 13]]
OA: 70%
Cohen's kappa: 0.61
              precision    recall  f1-score   support

           0       0.91      0.74      0.82        27
           1       0.52      0.70      0.60        20
           2       0.69      0.86      0.77        21
           3       0.76      0.54      0.63        24

   micro avg       0.71      0.71      0.71        92
   macro avg       0.72      0.71      0.70        92
weighted avg       0.74      0.71      0.71        92
=====================================================
Epoch: 80
[[17  5  4  1]
 [ 1 11  8  0]
 [ 0  1 19  1]
 [ 0  2 10 12]]
OA: 64%
Cohen's kappa: 0.52
              precision    recall  f1-score   support

           0       0.94      0.63      0.76        27
           1       0.58      0.55      0.56        20
           2       0.46      0.90      0.61        21
           3       0.86      0.50      0.63        24

   micro avg       0.64      0.64      0.64        92
   macro avg       0.71      0.65      0.64        92
weighted avg       0.73      0.64      0.65        92
=====================================================
Epoch: 81
[[20  3  1  3]
 [ 2 14  2  2]
 [ 0  1 18  2]
 [ 0  3  3 18]]
OA: 76%
Cohen's kappa: 0.68
              precision    recall  f1-score   support

           0       0.91      0.74      0.82        27
           1       0.67      0.70      0.68        20
           2       0.75      0.86      0.80        21
           3       0.72      0.75      0.73        24

   micro avg       0.76      0.76      0.76        92
   macro avg       0.76      0.76      0.76        92
weighted avg       0.77      0.76      0.76        92
=====================================================
Epoch: 82
[[21  4  1  1]
 [ 2 16  2  0]
 [ 0  1 18  2]
 [ 0 10  3 11]]
OA: 71%
Cohen's kappa: 0.62
              precision    recall  f1-score   support

           0       0.91      0.78      0.84        27
           1       0.52      0.80      0.63        20
           2       0.75      0.86      0.80        21
           3       0.79      0.46      0.58        24

   micro avg       0.72      0.72      0.72        92
   macro avg       0.74      0.72      0.71        92
weighted avg       0.76      0.72      0.72        92
=====================================================
Epoch: 83
[[19  6  1  1]
 [ 2 17  1  0]
 [ 0  1 18  2]
 [ 0  5  2 17]]
OA: 77%
Cohen's kappa: 0.69
              precision    recall  f1-score   support

           0       0.90      0.70      0.79        27
           1       0.59      0.85      0.69        20
           2       0.82      0.86      0.84        21
           3       0.85      0.71      0.77        24

   micro avg       0.77      0.77      0.77        92
   macro avg       0.79      0.78      0.77        92
weighted avg       0.80      0.77      0.78        92
=====================================================
Epoch: 84
[[19  5  1  2]
 [ 2 17  1  0]
 [ 0  1 18  2]
 [ 0  7  2 15]]
OA: 75%
Cohen's kappa: 0.66
              precision    recall  f1-score   support

           0       0.90      0.70      0.79        27
           1       0.57      0.85      0.68        20
           2       0.82      0.86      0.84        21
           3       0.79      0.62      0.70        24

   micro avg       0.75      0.75      0.75        92
   macro avg       0.77      0.76      0.75        92
weighted avg       0.78      0.75      0.75        92
=====================================================
Epoch: 85
[[21  4  1  1]
 [ 2 15  3  0]
 [ 0  1 18  2]
 [ 0  8  3 13]]
OA: 72%
Cohen's kappa: 0.63
              precision    recall  f1-score   support

           0       0.91      0.78      0.84        27
           1       0.54      0.75      0.63        20
           2       0.72      0.86      0.78        21
           3       0.81      0.54      0.65        24

   micro avg       0.73      0.73      0.73        92
   macro avg       0.75      0.73      0.72        92
weighted avg       0.76      0.73      0.73        92
=====================================================
Epoch: 86
[[17  6  0  4]
 [ 1 12  3  4]
 [ 0  1 18  2]
 [ 0  3  2 19]]
OA: 71%
Cohen's kappa: 0.62
              precision    recall  f1-score   support

           0       0.94      0.63      0.76        27
           1       0.55      0.60      0.57        20
           2       0.78      0.86      0.82        21
           3       0.66      0.79      0.72        24

   micro avg       0.72      0.72      0.72        92
   macro avg       0.73      0.72      0.72        92
weighted avg       0.75      0.72      0.72        92
=====================================================
Epoch: 87
[[17  6  3  1]
 [ 2 14  4  0]
 [ 0  1 18  2]
 [ 0  4  5 15]]
OA: 69%
Cohen's kappa: 0.59
              precision    recall  f1-score   support

           0       0.89      0.63      0.74        27
           1       0.56      0.70      0.62        20
           2       0.60      0.86      0.71        21
           3       0.83      0.62      0.71        24

   micro avg       0.70      0.70      0.70        92
   macro avg       0.72      0.70      0.70        92
weighted avg       0.74      0.70      0.70        92
=====================================================
Epoch: 88
[[17  6  2  2]
 [ 1 13  4  2]
 [ 0  1 18  2]
 [ 0  5  4 15]]
OA: 68%
Cohen's kappa: 0.58
              precision    recall  f1-score   support

           0       0.94      0.63      0.76        27
           1       0.52      0.65      0.58        20
           2       0.64      0.86      0.73        21
           3       0.71      0.62      0.67        24

   micro avg       0.68      0.68      0.68        92
   macro avg       0.71      0.69      0.68        92
weighted avg       0.72      0.68      0.69        92
=====================================================
Epoch: 89
[[18  6  1  2]
 [ 1 15  4  0]
 [ 0  1 18  2]
 [ 0  5  3 16]]
OA: 72%
Cohen's kappa: 0.63
              precision    recall  f1-score   support

           0       0.95      0.67      0.78        27
           1       0.56      0.75      0.64        20
           2       0.69      0.86      0.77        21
           3       0.80      0.67      0.73        24

   micro avg       0.73      0.73      0.73        92
   macro avg       0.75      0.74      0.73        92
weighted avg       0.77      0.73      0.73        92
=====================================================
Epoch: 90
[[17  7  2  1]
 [ 2 14  4  0]
 [ 0  2 18  1]
 [ 0 10  4 10]]
OA: 64%
Cohen's kappa: 0.52
              precision    recall  f1-score   support

           0       0.89      0.63      0.74        27
           1       0.42      0.70      0.53        20
           2       0.64      0.86      0.73        21
           3       0.83      0.42      0.56        24

   micro avg       0.64      0.64      0.64        92
   macro avg       0.70      0.65      0.64        92
weighted avg       0.72      0.64      0.64        92
=====================================================
Epoch: 91
[[20  3  2  2]
 [ 4 14  2  0]
 [ 0  4 15  2]
 [ 0  8  3 13]]
OA: 67%
Cohen's kappa: 0.56
              precision    recall  f1-score   support

           0       0.83      0.74      0.78        27
           1       0.48      0.70      0.57        20
           2       0.68      0.71      0.70        21
           3       0.76      0.54      0.63        24

   micro avg       0.67      0.67      0.67        92
   macro avg       0.69      0.67      0.67        92
weighted avg       0.70      0.67      0.68        92
=====================================================
Epoch: 92
[[18  6  1  2]
 [ 3 14  3  0]
 [ 0  1 19  1]
 [ 0  6  4 14]]
OA: 70%
Cohen's kappa: 0.61
              precision    recall  f1-score   support

           0       0.86      0.67      0.75        27
           1       0.52      0.70      0.60        20
           2       0.70      0.90      0.79        21
           3       0.82      0.58      0.68        24

   micro avg       0.71      0.71      0.71        92
   macro avg       0.73      0.71      0.71        92
weighted avg       0.74      0.71      0.71        92
=====================================================
Epoch: 93
[[16  8  1  2]
 [ 0 15  4  1]
 [ 0  1 19  1]
 [ 0  8  4 12]]
OA: 67%
Cohen's kappa: 0.57
              precision    recall  f1-score   support

           0       1.00      0.59      0.74        27
           1       0.47      0.75      0.58        20
           2       0.68      0.90      0.78        21
           3       0.75      0.50      0.60        24

   micro avg       0.67      0.67      0.67        92
   macro avg       0.72      0.69      0.67        92
weighted avg       0.75      0.67      0.68        92
=====================================================
Epoch: 94
[[21  4  1  1]
 [ 4 15  1  0]
 [ 1  0 18  2]
 [ 0  8  3 13]]
OA: 72%
Cohen's kappa: 0.63
              precision    recall  f1-score   support

           0       0.81      0.78      0.79        27
           1       0.56      0.75      0.64        20
           2       0.78      0.86      0.82        21
           3       0.81      0.54      0.65        24

   micro avg       0.73      0.73      0.73        92
   macro avg       0.74      0.73      0.72        92
weighted avg       0.75      0.73      0.73        92
=====================================================
Epoch: 95
[[17  7  1  2]
 [ 2 14  4  0]
 [ 0  2 18  1]
 [ 0  7  4 13]]
OA: 67%
Cohen's kappa: 0.56
              precision    recall  f1-score   support

           0       0.89      0.63      0.74        27
           1       0.47      0.70      0.56        20
           2       0.67      0.86      0.75        21
           3       0.81      0.54      0.65        24

   micro avg       0.67      0.67      0.67        92
   macro avg       0.71      0.68      0.67        92
weighted avg       0.73      0.67      0.68        92
=====================================================
Epoch: 96
[[19  6  0  2]
 [ 3 16  1  0]
 [ 0  1 19  1]
 [ 0  6  2 16]]
OA: 76%
Cohen's kappa: 0.68
              precision    recall  f1-score   support

           0       0.86      0.70      0.78        27
           1       0.55      0.80      0.65        20
           2       0.86      0.90      0.88        21
           3       0.84      0.67      0.74        24

   micro avg       0.76      0.76      0.76        92
   macro avg       0.78      0.77      0.76        92
weighted avg       0.79      0.76      0.77        92
=====================================================
Epoch: 97
[[14  5  3  5]
 [ 0 15  3  2]
 [ 0  1 19  1]
 [ 0  5  3 16]]
OA: 69%
Cohen's kappa: 0.59
              precision    recall  f1-score   support

           0       1.00      0.52      0.68        27
           1       0.58      0.75      0.65        20
           2       0.68      0.90      0.78        21
           3       0.67      0.67      0.67        24

   micro avg       0.70      0.70      0.70        92
   macro avg       0.73      0.71      0.69        92
weighted avg       0.75      0.70      0.69        92
=====================================================
Epoch: 98
[[18  4  2  3]
 [ 3 13  4  0]
 [ 0  1 19  1]
 [ 0  7  5 12]]
OA: 67%
Cohen's kappa: 0.56
              precision    recall  f1-score   support

           0       0.86      0.67      0.75        27
           1       0.52      0.65      0.58        20
           2       0.63      0.90      0.75        21
           3       0.75      0.50      0.60        24

   micro avg       0.67      0.67      0.67        92
   macro avg       0.69      0.68      0.67        92
weighted avg       0.70      0.67      0.67        92
=====================================================
Epoch: 99
[[17  8  1  1]
 [ 1 16  3  0]
 [ 0  1 18  2]
 [ 0  8  4 12]]
OA: 68%
Cohen's kappa: 0.58
              precision    recall  f1-score   support

           0       0.94      0.63      0.76        27
           1       0.48      0.80      0.60        20
           2       0.69      0.86      0.77        21
           3       0.80      0.50      0.62        24

   micro avg       0.68      0.68      0.68        92
   macro avg       0.73      0.70      0.69        92
weighted avg       0.75      0.68      0.69        92
=====================================================
Epoch: 100
[[18  5  0  4]
 [ 2 16  1  1]
 [ 0  1 18  2]
 [ 0  7  3 14]]
OA: 71%
Cohen's kappa: 0.62
              precision    recall  f1-score   support

           0       0.90      0.67      0.77        27
           1       0.55      0.80      0.65        20
           2       0.82      0.86      0.84        21
           3       0.67      0.58      0.62        24

   micro avg       0.72      0.72      0.72        92
   macro avg       0.73      0.73      0.72        92
weighted avg       0.74      0.72      0.72        92
