=====================================================
Epoch: 1
[[14 10  1  2]
 [ 3 15  0  2]
 [ 0 14  6  1]
 [ 2 16  0  6]]
OA: 44%
Cohen's kappa: 0.27
              precision    recall  f1-score   support

           0       0.74      0.52      0.61        27
           1       0.27      0.75      0.40        20
           2       0.86      0.29      0.43        21
           3       0.55      0.25      0.34        24

   micro avg       0.45      0.45      0.45        92
   macro avg       0.60      0.45      0.45        92
weighted avg       0.61      0.45      0.45        92
=====================================================
Epoch: 2
[[19  4  4  0]
 [ 4  8  6  2]
 [ 0  1 17  3]
 [ 0  7 11  6]]
OA: 54%
Cohen's kappa: 0.39
              precision    recall  f1-score   support

           0       0.83      0.70      0.76        27
           1       0.40      0.40      0.40        20
           2       0.45      0.81      0.58        21
           3       0.55      0.25      0.34        24

   micro avg       0.54      0.54      0.54        92
   macro avg       0.55      0.54      0.52        92
weighted avg       0.57      0.54      0.53        92
=====================================================
Epoch: 3
[[15  5  1  6]
 [ 3  7  1  9]
 [ 0  1 15  5]
 [ 0  5  5 14]]
OA: 55%
Cohen's kappa: 0.4
              precision    recall  f1-score   support

           0       0.83      0.56      0.67        27
           1       0.39      0.35      0.37        20
           2       0.68      0.71      0.70        21
           3       0.41      0.58      0.48        24

   micro avg       0.55      0.55      0.55        92
   macro avg       0.58      0.55      0.55        92
weighted avg       0.59      0.55      0.56        92
=====================================================
Epoch: 4
[[24  0  0  3]
 [ 9  4  0  7]
 [ 1  2 10  8]
 [ 1  0  3 20]]
OA: 63%
Cohen's kappa: 0.49
              precision    recall  f1-score   support

           0       0.69      0.89      0.77        27
           1       0.67      0.20      0.31        20
           2       0.77      0.48      0.59        21
           3       0.53      0.83      0.65        24

   micro avg       0.63      0.63      0.63        92
   macro avg       0.66      0.60      0.58        92
weighted avg       0.66      0.63      0.60        92
=====================================================
Epoch: 5
[[19  4  1  3]
 [ 3 10  1  6]
 [ 0  4 13  4]
 [ 0  6  1 17]]
OA: 64%
Cohen's kappa: 0.52
              precision    recall  f1-score   support

           0       0.86      0.70      0.78        27
           1       0.42      0.50      0.45        20
           2       0.81      0.62      0.70        21
           3       0.57      0.71      0.63        24

   micro avg       0.64      0.64      0.64        92
   macro avg       0.66      0.63      0.64        92
weighted avg       0.68      0.64      0.65        92
=====================================================
Epoch: 6
[[14  6  2  5]
 [ 2  8  8  2]
 [ 1  1 18  1]
 [ 0  2 12 10]]
OA: 54%
Cohen's kappa: 0.39
              precision    recall  f1-score   support

           0       0.82      0.52      0.64        27
           1       0.47      0.40      0.43        20
           2       0.45      0.86      0.59        21
           3       0.56      0.42      0.48        24

   micro avg       0.54      0.54      0.54        92
   macro avg       0.57      0.55      0.53        92
weighted avg       0.59      0.54      0.54        92
=====================================================
Epoch: 7
[[20  4  1  2]
 [ 3 11  3  3]
 [ 0  3 17  1]
 [ 0  1  6 17]]
OA: 70%
Cohen's kappa: 0.6
              precision    recall  f1-score   support

           0       0.87      0.74      0.80        27
           1       0.58      0.55      0.56        20
           2       0.63      0.81      0.71        21
           3       0.74      0.71      0.72        24

   micro avg       0.71      0.71      0.71        92
   macro avg       0.70      0.70      0.70        92
weighted avg       0.72      0.71      0.71        92
=====================================================
Epoch: 8
[[20  2  0  5]
 [ 5  7  2  6]
 [ 1  0 16  4]
 [ 0  3  2 19]]
OA: 67%
Cohen's kappa: 0.56
              precision    recall  f1-score   support

           0       0.77      0.74      0.75        27
           1       0.58      0.35      0.44        20
           2       0.80      0.76      0.78        21
           3       0.56      0.79      0.66        24

   micro avg       0.67      0.67      0.67        92
   macro avg       0.68      0.66      0.66        92
weighted avg       0.68      0.67      0.67        92
=====================================================
Epoch: 9
[[11 14  1  1]
 [ 0 10  9  1]
 [ 1  1 19  0]
 [ 0  6 10  8]]
OA: 52%
Cohen's kappa: 0.37
              precision    recall  f1-score   support

           0       0.92      0.41      0.56        27
           1       0.32      0.50      0.39        20
           2       0.49      0.90      0.63        21
           3       0.80      0.33      0.47        24

   micro avg       0.52      0.52      0.52        92
   macro avg       0.63      0.54      0.52        92
weighted avg       0.66      0.52      0.52        92
=====================================================
Epoch: 10
[[18  5  1  3]
 [ 2 16  1  1]
 [ 0  4 12  5]
 [ 0  5  1 18]]
OA: 69%
Cohen's kappa: 0.59
              precision    recall  f1-score   support

           0       0.90      0.67      0.77        27
           1       0.53      0.80      0.64        20
           2       0.80      0.57      0.67        21
           3       0.67      0.75      0.71        24

   micro avg       0.70      0.70      0.70        92
   macro avg       0.72      0.70      0.69        92
weighted avg       0.74      0.70      0.70        92
=====================================================
Epoch: 11
[[14  7  0  6]
 [ 0 12  1  7]
 [ 0  3 11  7]
 [ 0  2  2 20]]
OA: 61%
Cohen's kappa: 0.49
              precision    recall  f1-score   support

           0       1.00      0.52      0.68        27
           1       0.50      0.60      0.55        20
           2       0.79      0.52      0.63        21
           3       0.50      0.83      0.62        24

   micro avg       0.62      0.62      0.62        92
   macro avg       0.70      0.62      0.62        92
weighted avg       0.71      0.62      0.63        92
=====================================================
Epoch: 12
[[20  4  0  3]
 [ 3  6  3  8]
 [ 0  0 16  5]
 [ 0  1  2 21]]
OA: 68%
Cohen's kappa: 0.57
              precision    recall  f1-score   support

           0       0.87      0.74      0.80        27
           1       0.55      0.30      0.39        20
           2       0.76      0.76      0.76        21
           3       0.57      0.88      0.69        24

   micro avg       0.68      0.68      0.68        92
   macro avg       0.69      0.67      0.66        92
weighted avg       0.70      0.68      0.67        92
=====================================================
Epoch: 13
[[ 8 14  2  3]
 [ 0 13  6  1]
 [ 0  2 17  2]
 [ 0  8 10  6]]
OA: 47%
Cohen's kappa: 0.31
              precision    recall  f1-score   support

           0       1.00      0.30      0.46        27
           1       0.35      0.65      0.46        20
           2       0.49      0.81      0.61        21
           3       0.50      0.25      0.33        24

   micro avg       0.48      0.48      0.48        92
   macro avg       0.58      0.50      0.46        92
weighted avg       0.61      0.48      0.46        92
=====================================================
Epoch: 14
[[18  7  0  2]
 [ 1 18  0  1]
 [ 1  4 15  1]
 [ 0  7  5 12]]
OA: 68%
Cohen's kappa: 0.58
              precision    recall  f1-score   support

           0       0.90      0.67      0.77        27
           1       0.50      0.90      0.64        20
           2       0.75      0.71      0.73        21
           3       0.75      0.50      0.60        24

   micro avg       0.68      0.68      0.68        92
   macro avg       0.72      0.70      0.69        92
weighted avg       0.74      0.68      0.69        92
=====================================================
Epoch: 15
[[12  6  6  3]
 [ 1 11  5  3]
 [ 0  4 15  2]
 [ 0  5  5 14]]
OA: 56%
Cohen's kappa: 0.42
              precision    recall  f1-score   support

           0       0.92      0.44      0.60        27
           1       0.42      0.55      0.48        20
           2       0.48      0.71      0.58        21
           3       0.64      0.58      0.61        24

   micro avg       0.57      0.57      0.57        92
   macro avg       0.62      0.57      0.57        92
weighted avg       0.64      0.57      0.57        92
=====================================================
Epoch: 16
[[22  2  2  1]
 [ 5 12  1  2]
 [ 1  3 15  2]
 [ 0  3  2 19]]
OA: 73%
Cohen's kappa: 0.65
              precision    recall  f1-score   support

           0       0.79      0.81      0.80        27
           1       0.60      0.60      0.60        20
           2       0.75      0.71      0.73        21
           3       0.79      0.79      0.79        24

   micro avg       0.74      0.74      0.74        92
   macro avg       0.73      0.73      0.73        92
weighted avg       0.74      0.74      0.74        92
=====================================================
Epoch: 17
[[17  6  3  1]
 [ 0 14  3  3]
 [ 0  3 15  3]
 [ 0  4  7 13]]
OA: 64%
Cohen's kappa: 0.52
              precision    recall  f1-score   support

           0       1.00      0.63      0.77        27
           1       0.52      0.70      0.60        20
           2       0.54      0.71      0.61        21
           3       0.65      0.54      0.59        24

   micro avg       0.64      0.64      0.64        92
   macro avg       0.68      0.65      0.64        92
weighted avg       0.70      0.64      0.65        92
=====================================================
Epoch: 18
[[15  8  2  2]
 [ 2 12  4  2]
 [ 0  1 17  3]
 [ 0  4  6 14]]
OA: 63%
Cohen's kappa: 0.51
              precision    recall  f1-score   support

           0       0.88      0.56      0.68        27
           1       0.48      0.60      0.53        20
           2       0.59      0.81      0.68        21
           3       0.67      0.58      0.62        24

   micro avg       0.63      0.63      0.63        92
   macro avg       0.65      0.64      0.63        92
weighted avg       0.67      0.63      0.63        92
=====================================================
Epoch: 19
[[16  8  2  1]
 [ 1 12  7  0]
 [ 0  2 19  0]
 [ 0  6 10  8]]
OA: 59%
Cohen's kappa: 0.47
              precision    recall  f1-score   support

           0       0.94      0.59      0.73        27
           1       0.43      0.60      0.50        20
           2       0.50      0.90      0.64        21
           3       0.89      0.33      0.48        24

   micro avg       0.60      0.60      0.60        92
   macro avg       0.69      0.61      0.59        92
weighted avg       0.72      0.60      0.60        92
=====================================================
Epoch: 20
[[ 7 14  2  4]
 [ 1 12  6  1]
 [ 0  1 18  2]
 [ 0  3  2 19]]
OA: 60%
Cohen's kappa: 0.48
              precision    recall  f1-score   support

           0       0.88      0.26      0.40        27
           1       0.40      0.60      0.48        20
           2       0.64      0.86      0.73        21
           3       0.73      0.79      0.76        24

   micro avg       0.61      0.61      0.61        92
   macro avg       0.66      0.63      0.59        92
weighted avg       0.68      0.61      0.59        92
=====================================================
Epoch: 21
[[21  3  1  2]
 [ 4 15  0  1]
 [ 1  4 15  1]
 [ 0 10  1 13]]
OA: 69%
Cohen's kappa: 0.59
              precision    recall  f1-score   support

           0       0.81      0.78      0.79        27
           1       0.47      0.75      0.58        20
           2       0.88      0.71      0.79        21
           3       0.76      0.54      0.63        24

   micro avg       0.70      0.70      0.70        92
   macro avg       0.73      0.70      0.70        92
weighted avg       0.74      0.70      0.70        92
=====================================================
Epoch: 22
[[16  9  0  2]
 [ 1 19  0  0]
 [ 0  3 16  2]
 [ 0  3  4 17]]
OA: 73%
Cohen's kappa: 0.65
              precision    recall  f1-score   support

           0       0.94      0.59      0.73        27
           1       0.56      0.95      0.70        20
           2       0.80      0.76      0.78        21
           3       0.81      0.71      0.76        24

   micro avg       0.74      0.74      0.74        92
   macro avg       0.78      0.75      0.74        92
weighted avg       0.79      0.74      0.74        92
=====================================================
Epoch: 23
[[15  7  2  3]
 [ 3 14  3  0]
 [ 0  4 16  1]
 [ 0  9  5 10]]
OA: 59%
Cohen's kappa: 0.46
              precision    recall  f1-score   support

           0       0.83      0.56      0.67        27
           1       0.41      0.70      0.52        20
           2       0.62      0.76      0.68        21
           3       0.71      0.42      0.53        24

   micro avg       0.60      0.60      0.60        92
   macro avg       0.64      0.61      0.60        92
weighted avg       0.66      0.60      0.60        92
=====================================================
Epoch: 24
[[16  7  2  2]
 [ 1 13  6  0]
 [ 0  3 17  1]
 [ 0  9  9  6]]
OA: 56%
Cohen's kappa: 0.42
              precision    recall  f1-score   support

           0       0.94      0.59      0.73        27
           1       0.41      0.65      0.50        20
           2       0.50      0.81      0.62        21
           3       0.67      0.25      0.36        24

   micro avg       0.57      0.57      0.57        92
   macro avg       0.63      0.58      0.55        92
weighted avg       0.65      0.57      0.56        92
=====================================================
Epoch: 25
[[18  6  0  3]
 [ 2 17  1  0]
 [ 1  3 16  1]
 [ 0 10  1 13]]
OA: 69%
Cohen's kappa: 0.59
              precision    recall  f1-score   support

           0       0.86      0.67      0.75        27
           1       0.47      0.85      0.61        20
           2       0.89      0.76      0.82        21
           3       0.76      0.54      0.63        24

   micro avg       0.70      0.70      0.70        92
   macro avg       0.75      0.71      0.70        92
weighted avg       0.76      0.70      0.70        92
=====================================================
Epoch: 26
[[17  6  1  3]
 [ 1 15  4  0]
 [ 0  2 18  1]
 [ 0  3  6 15]]
OA: 70%
Cohen's kappa: 0.61
              precision    recall  f1-score   support

           0       0.94      0.63      0.76        27
           1       0.58      0.75      0.65        20
           2       0.62      0.86      0.72        21
           3       0.79      0.62      0.70        24

   micro avg       0.71      0.71      0.71        92
   macro avg       0.73      0.72      0.71        92
weighted avg       0.75      0.71      0.71        92
=====================================================
Epoch: 27
[[17  7  1  2]
 [ 2 17  1  0]
 [ 0  2 18  1]
 [ 0 10  6  8]]
OA: 65%
Cohen's kappa: 0.54
              precision    recall  f1-score   support

           0       0.89      0.63      0.74        27
           1       0.47      0.85      0.61        20
           2       0.69      0.86      0.77        21
           3       0.73      0.33      0.46        24

   micro avg       0.65      0.65      0.65        92
   macro avg       0.70      0.67      0.64        92
weighted avg       0.71      0.65      0.64        92
=====================================================
Epoch: 28
[[14  7  4  2]
 [ 1 10  7  2]
 [ 0  0 21  0]
 [ 0  3 10 11]]
OA: 60%
Cohen's kappa: 0.48
              precision    recall  f1-score   support

           0       0.93      0.52      0.67        27
           1       0.50      0.50      0.50        20
           2       0.50      1.00      0.67        21
           3       0.73      0.46      0.56        24

   micro avg       0.61      0.61      0.61        92
   macro avg       0.67      0.62      0.60        92
weighted avg       0.69      0.61      0.60        92
=====================================================
Epoch: 29
[[20  5  1  1]
 [ 1 15  3  1]
 [ 0  0 20  1]
 [ 0  5  4 15]]
OA: 76%
Cohen's kappa: 0.68
              precision    recall  f1-score   support

           0       0.95      0.74      0.83        27
           1       0.60      0.75      0.67        20
           2       0.71      0.95      0.82        21
           3       0.83      0.62      0.71        24

   micro avg       0.76      0.76      0.76        92
   macro avg       0.78      0.77      0.76        92
weighted avg       0.79      0.76      0.76        92
=====================================================
Epoch: 30
[[16  8  1  2]
 [ 1 14  3  2]
 [ 0  3 15  3]
 [ 0  8  2 14]]
OA: 64%
Cohen's kappa: 0.52
              precision    recall  f1-score   support

           0       0.94      0.59      0.73        27
           1       0.42      0.70      0.53        20
           2       0.71      0.71      0.71        21
           3       0.67      0.58      0.62        24

   micro avg       0.64      0.64      0.64        92
   macro avg       0.69      0.65      0.65        92
weighted avg       0.71      0.64      0.65        92
=====================================================
Epoch: 31
[[17  5  2  3]
 [ 0 17  2  1]
 [ 0  3 17  1]
 [ 0 11  4  9]]
OA: 65%
Cohen's kappa: 0.54
              precision    recall  f1-score   support

           0       1.00      0.63      0.77        27
           1       0.47      0.85      0.61        20
           2       0.68      0.81      0.74        21
           3       0.64      0.38      0.47        24

   micro avg       0.65      0.65      0.65        92
   macro avg       0.70      0.67      0.65        92
weighted avg       0.72      0.65      0.65        92
=====================================================
Epoch: 32
[[18  7  1  1]
 [ 1 19  0  0]
 [ 0  2 17  2]
 [ 0 10  1 13]]
OA: 72%
Cohen's kappa: 0.64
              precision    recall  f1-score   support

           0       0.95      0.67      0.78        27
           1       0.50      0.95      0.66        20
           2       0.89      0.81      0.85        21
           3       0.81      0.54      0.65        24

   micro avg       0.73      0.73      0.73        92
   macro avg       0.79      0.74      0.73        92
weighted avg       0.80      0.73      0.74        92
=====================================================
Epoch: 33
[[18  5  2  2]
 [ 2 11  3  4]
 [ 1  2 16  2]
 [ 0  4  3 17]]
OA: 67%
Cohen's kappa: 0.56
              precision    recall  f1-score   support

           0       0.86      0.67      0.75        27
           1       0.50      0.55      0.52        20
           2       0.67      0.76      0.71        21
           3       0.68      0.71      0.69        24

   micro avg       0.67      0.67      0.67        92
   macro avg       0.68      0.67      0.67        92
weighted avg       0.69      0.67      0.68        92
=====================================================
Epoch: 34
[[14 11  0  2]
 [ 1 17  2  0]
 [ 0  3 17  1]
 [ 0  5  5 14]]
OA: 67%
Cohen's kappa: 0.57
              precision    recall  f1-score   support

           0       0.93      0.52      0.67        27
           1       0.47      0.85      0.61        20
           2       0.71      0.81      0.76        21
           3       0.82      0.58      0.68        24

   micro avg       0.67      0.67      0.67        92
   macro avg       0.73      0.69      0.68        92
weighted avg       0.75      0.67      0.68        92
=====================================================
Epoch: 35
[[12  9  3  3]
 [ 0 14  6  0]
 [ 0  3 17  1]
 [ 0  6  6 12]]
OA: 59%
Cohen's kappa: 0.47
              precision    recall  f1-score   support

           0       1.00      0.44      0.62        27
           1       0.44      0.70      0.54        20
           2       0.53      0.81      0.64        21
           3       0.75      0.50      0.60        24

   micro avg       0.60      0.60      0.60        92
   macro avg       0.68      0.61      0.60        92
weighted avg       0.71      0.60      0.60        92
=====================================================
Epoch: 36
[[15 10  0  2]
 [ 0 18  1  1]
 [ 0  3 16  2]
 [ 0  3  3 18]]
OA: 72%
Cohen's kappa: 0.64
              precision    recall  f1-score   support

           0       1.00      0.56      0.71        27
           1       0.53      0.90      0.67        20
           2       0.80      0.76      0.78        21
           3       0.78      0.75      0.77        24

   micro avg       0.73      0.73      0.73        92
   macro avg       0.78      0.74      0.73        92
weighted avg       0.80      0.73      0.73        92
=====================================================
Epoch: 37
[[17  7  0  3]
 [ 2 18  0  0]
 [ 1  4 16  0]
 [ 0  8  4 12]]
OA: 68%
Cohen's kappa: 0.58
              precision    recall  f1-score   support

           0       0.85      0.63      0.72        27
           1       0.49      0.90      0.63        20
           2       0.80      0.76      0.78        21
           3       0.80      0.50      0.62        24

   micro avg       0.68      0.68      0.68        92
   macro avg       0.73      0.70      0.69        92
weighted avg       0.75      0.68      0.69        92
=====================================================
Epoch: 38
[[18  5  1  3]
 [ 2 13  3  2]
 [ 0  1 19  1]
 [ 0  4  5 15]]
OA: 70%
Cohen's kappa: 0.61
              precision    recall  f1-score   support

           0       0.90      0.67      0.77        27
           1       0.57      0.65      0.60        20
           2       0.68      0.90      0.78        21
           3       0.71      0.62      0.67        24

   micro avg       0.71      0.71      0.71        92
   macro avg       0.71      0.71      0.70        92
weighted avg       0.73      0.71      0.71        92
=====================================================
Epoch: 39
[[ 9 16  1  1]
 [ 1 16  2  1]
 [ 0  1 20  0]
 [ 0  7  6 11]]
OA: 60%
Cohen's kappa: 0.48
              precision    recall  f1-score   support

           0       0.90      0.33      0.49        27
           1       0.40      0.80      0.53        20
           2       0.69      0.95      0.80        21
           3       0.85      0.46      0.59        24

   micro avg       0.61      0.61      0.61        92
   macro avg       0.71      0.64      0.60        92
weighted avg       0.73      0.61      0.60        92
=====================================================
Epoch: 40
[[16  7  1  3]
 [ 0 15  2  3]
 [ 1  0 19  1]
 [ 0  3  4 17]]
OA: 72%
Cohen's kappa: 0.63
              precision    recall  f1-score   support

           0       0.94      0.59      0.73        27
           1       0.60      0.75      0.67        20
           2       0.73      0.90      0.81        21
           3       0.71      0.71      0.71        24

   micro avg       0.73      0.73      0.73        92
   macro avg       0.75      0.74      0.73        92
weighted avg       0.76      0.73      0.73        92
=====================================================
Epoch: 41
[[18  5  3  1]
 [ 2 13  5  0]
 [ 0  1 19  1]
 [ 0  5  4 15]]
OA: 70%
Cohen's kappa: 0.61
              precision    recall  f1-score   support

           0       0.90      0.67      0.77        27
           1       0.54      0.65      0.59        20
           2       0.61      0.90      0.73        21
           3       0.88      0.62      0.73        24

   micro avg       0.71      0.71      0.71        92
   macro avg       0.73      0.71      0.70        92
weighted avg       0.75      0.71      0.71        92
=====================================================
Epoch: 42
[[16  8  1  2]
 [ 1 16  3  0]
 [ 0  3 18  0]
 [ 0  6  5 13]]
OA: 68%
Cohen's kappa: 0.58
              precision    recall  f1-score   support

           0       0.94      0.59      0.73        27
           1       0.48      0.80      0.60        20
           2       0.67      0.86      0.75        21
           3       0.87      0.54      0.67        24

   micro avg       0.68      0.68      0.68        92
   macro avg       0.74      0.70      0.69        92
weighted avg       0.76      0.68      0.69        92
=====================================================
Epoch: 43
[[13 11  1  2]
 [ 1 17  1  1]
 [ 0  3 16  2]
 [ 0 13  2  9]]
OA: 59%
Cohen's kappa: 0.47
              precision    recall  f1-score   support

           0       0.93      0.48      0.63        27
           1       0.39      0.85      0.53        20
           2       0.80      0.76      0.78        21
           3       0.64      0.38      0.47        24

   micro avg       0.60      0.60      0.60        92
   macro avg       0.69      0.62      0.60        92
weighted avg       0.71      0.60      0.60        92
=====================================================
Epoch: 44
[[16  8  1  2]
 [ 2 17  1  0]
 [ 0  1 19  1]
 [ 0 10  3 11]]
OA: 68%
Cohen's kappa: 0.58
              precision    recall  f1-score   support

           0       0.89      0.59      0.71        27
           1       0.47      0.85      0.61        20
           2       0.79      0.90      0.84        21
           3       0.79      0.46      0.58        24

   micro avg       0.68      0.68      0.68        92
   macro avg       0.73      0.70      0.69        92
weighted avg       0.75      0.68      0.68        92
=====================================================
Epoch: 45
[[17  6  1  3]
 [ 2 16  1  1]
 [ 0  2 17  2]
 [ 0  1  4 19]]
OA: 75%
Cohen's kappa: 0.66
              precision    recall  f1-score   support

           0       0.89      0.63      0.74        27
           1       0.64      0.80      0.71        20
           2       0.74      0.81      0.77        21
           3       0.76      0.79      0.78        24

   micro avg       0.75      0.75      0.75        92
   macro avg       0.76      0.76      0.75        92
weighted avg       0.77      0.75      0.75        92
=====================================================
Epoch: 46
[[16  9  0  2]
 [ 1 18  0  1]
 [ 0  4 14  3]
 [ 0  7  2 15]]
OA: 68%
Cohen's kappa: 0.58
              precision    recall  f1-score   support

           0       0.94      0.59      0.73        27
           1       0.47      0.90      0.62        20
           2       0.88      0.67      0.76        21
           3       0.71      0.62      0.67        24

   micro avg       0.68      0.68      0.68        92
   macro avg       0.75      0.70      0.69        92
weighted avg       0.77      0.68      0.70        92
=====================================================
Epoch: 47
[[10 14  1  2]
 [ 0 18  1  1]
 [ 0  3 15  3]
 [ 0  4  4 16]]
OA: 64%
Cohen's kappa: 0.52
              precision    recall  f1-score   support

           0       1.00      0.37      0.54        27
           1       0.46      0.90      0.61        20
           2       0.71      0.71      0.71        21
           3       0.73      0.67      0.70        24

   micro avg       0.64      0.64      0.64        92
   macro avg       0.73      0.66      0.64        92
weighted avg       0.75      0.64      0.64        92
=====================================================
Epoch: 48
[[17  9  0  1]
 [ 2 18  0  0]
 [ 0  3 15  3]
 [ 0 11  2 11]]
OA: 66%
Cohen's kappa: 0.55
              precision    recall  f1-score   support

           0       0.89      0.63      0.74        27
           1       0.44      0.90      0.59        20
           2       0.88      0.71      0.79        21
           3       0.73      0.46      0.56        24

   micro avg       0.66      0.66      0.66        92
   macro avg       0.74      0.68      0.67        92
weighted avg       0.75      0.66      0.67        92
=====================================================
Epoch: 49
[[17  8  0  2]
 [ 1 17  1  1]
 [ 0  3 16  2]
 [ 0  6  2 16]]
OA: 71%
Cohen's kappa: 0.62
              precision    recall  f1-score   support

           0       0.94      0.63      0.76        27
           1       0.50      0.85      0.63        20
           2       0.84      0.76      0.80        21
           3       0.76      0.67      0.71        24

   micro avg       0.72      0.72      0.72        92
   macro avg       0.76      0.73      0.72        92
weighted avg       0.78      0.72      0.73        92
=====================================================
Epoch: 50
[[17  7  2  1]
 [ 1 17  1  1]
 [ 0  3 16  2]
 [ 0  9  2 13]]
OA: 68%
Cohen's kappa: 0.58
              precision    recall  f1-score   support

           0       0.94      0.63      0.76        27
           1       0.47      0.85      0.61        20
           2       0.76      0.76      0.76        21
           3       0.76      0.54      0.63        24

   micro avg       0.68      0.68      0.68        92
   macro avg       0.74      0.70      0.69        92
weighted avg       0.75      0.68      0.69        92
=====================================================
Epoch: 51
[[15  8  1  3]
 [ 1 18  1  0]
 [ 0  3 15  3]
 [ 0  8  2 14]]
OA: 67%
Cohen's kappa: 0.56
              precision    recall  f1-score   support

           0       0.94      0.56      0.70        27
           1       0.49      0.90      0.63        20
           2       0.79      0.71      0.75        21
           3       0.70      0.58      0.64        24

   micro avg       0.67      0.67      0.67        92
   macro avg       0.73      0.69      0.68        92
weighted avg       0.74      0.67      0.68        92
=====================================================
Epoch: 52
[[19  4  2  2]
 [ 2 14  3  1]
 [ 0  3 17  1]
 [ 0  6  5 13]]
OA: 68%
Cohen's kappa: 0.58
              precision    recall  f1-score   support

           0       0.90      0.70      0.79        27
           1       0.52      0.70      0.60        20
           2       0.63      0.81      0.71        21
           3       0.76      0.54      0.63        24

   micro avg       0.68      0.68      0.68        92
   macro avg       0.70      0.69      0.68        92
weighted avg       0.72      0.68      0.69        92
=====================================================
Epoch: 53
[[16  7  2  2]
 [ 1 14  5  0]
 [ 0  3 18  0]
 [ 0  3  4 17]]
OA: 70%
Cohen's kappa: 0.61
              precision    recall  f1-score   support

           0       0.94      0.59      0.73        27
           1       0.52      0.70      0.60        20
           2       0.62      0.86      0.72        21
           3       0.89      0.71      0.79        24

   micro avg       0.71      0.71      0.71        92
   macro avg       0.74      0.71      0.71        92
weighted avg       0.76      0.71      0.71        92
=====================================================
Epoch: 54
[[18  7  1  1]
 [ 1 17  2  0]
 [ 0  3 17  1]
 [ 0  7  3 14]]
OA: 71%
Cohen's kappa: 0.62
              precision    recall  f1-score   support

           0       0.95      0.67      0.78        27
           1       0.50      0.85      0.63        20
           2       0.74      0.81      0.77        21
           3       0.88      0.58      0.70        24

   micro avg       0.72      0.72      0.72        92
   macro avg       0.77      0.73      0.72        92
weighted avg       0.78      0.72      0.73        92
=====================================================
Epoch: 55
[[16  7  3  1]
 [ 1 14  5  0]
 [ 0  1 20  0]
 [ 0 11  6  7]]
OA: 61%
Cohen's kappa: 0.49
              precision    recall  f1-score   support

           0       0.94      0.59      0.73        27
           1       0.42      0.70      0.53        20
           2       0.59      0.95      0.73        21
           3       0.88      0.29      0.44        24

   micro avg       0.62      0.62      0.62        92
   macro avg       0.71      0.63      0.61        92
weighted avg       0.73      0.62      0.61        92
=====================================================
Epoch: 56
[[14 10  0  3]
 [ 1 17  2  0]
 [ 0  1 20  0]
 [ 0 11  3 10]]
OA: 66%
Cohen's kappa: 0.55
              precision    recall  f1-score   support

           0       0.93      0.52      0.67        27
           1       0.44      0.85      0.58        20
           2       0.80      0.95      0.87        21
           3       0.77      0.42      0.54        24

   micro avg       0.66      0.66      0.66        92
   macro avg       0.73      0.68      0.66        92
weighted avg       0.75      0.66      0.66        92
=====================================================
Epoch: 57
[[14  8  1  4]
 [ 1 15  3  1]
 [ 0  1 19  1]
 [ 0  2  4 18]]
OA: 71%
Cohen's kappa: 0.62
              precision    recall  f1-score   support

           0       0.93      0.52      0.67        27
           1       0.58      0.75      0.65        20
           2       0.70      0.90      0.79        21
           3       0.75      0.75      0.75        24

   micro avg       0.72      0.72      0.72        92
   macro avg       0.74      0.73      0.72        92
weighted avg       0.76      0.72      0.71        92
=====================================================
Epoch: 58
[[17  8  1  1]
 [ 2 17  1  0]
 [ 0  5 14  2]
 [ 0  7  2 15]]
OA: 68%
Cohen's kappa: 0.58
              precision    recall  f1-score   support

           0       0.89      0.63      0.74        27
           1       0.46      0.85      0.60        20
           2       0.78      0.67      0.72        21
           3       0.83      0.62      0.71        24

   micro avg       0.68      0.68      0.68        92
   macro avg       0.74      0.69      0.69        92
weighted avg       0.76      0.68      0.70        92
=====================================================
Epoch: 59
[[20  4  1  2]
 [ 3 11  6  0]
 [ 0  1 18  2]
 [ 0  3  4 17]]
OA: 71%
Cohen's kappa: 0.62
              precision    recall  f1-score   support

           0       0.87      0.74      0.80        27
           1       0.58      0.55      0.56        20
           2       0.62      0.86      0.72        21
           3       0.81      0.71      0.76        24

   micro avg       0.72      0.72      0.72        92
   macro avg       0.72      0.71      0.71        92
weighted avg       0.73      0.72      0.72        92
=====================================================
Epoch: 60
[[16  9  1  1]
 [ 1 14  5  0]
 [ 0  2 19  0]
 [ 0 11  4  9]]
OA: 63%
Cohen's kappa: 0.51
              precision    recall  f1-score   support

           0       0.94      0.59      0.73        27
           1       0.39      0.70      0.50        20
           2       0.66      0.90      0.76        21
           3       0.90      0.38      0.53        24

   micro avg       0.63      0.63      0.63        92
   macro avg       0.72      0.64      0.63        92
weighted avg       0.75      0.63      0.63        92
=====================================================
Epoch: 61
[[19  3  3  2]
 [ 2 11  6  1]
 [ 0  1 18  2]
 [ 0  5  2 17]]
OA: 70%
Cohen's kappa: 0.6
              precision    recall  f1-score   support

           0       0.90      0.70      0.79        27
           1       0.55      0.55      0.55        20
           2       0.62      0.86      0.72        21
           3       0.77      0.71      0.74        24

   micro avg       0.71      0.71      0.71        92
   macro avg       0.71      0.70      0.70        92
weighted avg       0.73      0.71      0.71        92
=====================================================
Epoch: 62
[[15 10  1  1]
 [ 0 17  3  0]
 [ 0  3 16  2]
 [ 0  8  5 11]]
OA: 64%
Cohen's kappa: 0.52
              precision    recall  f1-score   support

           0       1.00      0.56      0.71        27
           1       0.45      0.85      0.59        20
           2       0.64      0.76      0.70        21
           3       0.79      0.46      0.58        24

   micro avg       0.64      0.64      0.64        92
   macro avg       0.72      0.66      0.64        92
weighted avg       0.74      0.64      0.65        92
=====================================================
Epoch: 63
[[20  4  1  2]
 [ 3 12  5  0]
 [ 0  1 18  2]
 [ 0  3  3 18]]
OA: 73%
Cohen's kappa: 0.65
              precision    recall  f1-score   support

           0       0.87      0.74      0.80        27
           1       0.60      0.60      0.60        20
           2       0.67      0.86      0.75        21
           3       0.82      0.75      0.78        24

   micro avg       0.74      0.74      0.74        92
   macro avg       0.74      0.74      0.73        92
weighted avg       0.75      0.74      0.74        92
=====================================================
Epoch: 64
[[16  9  1  1]
 [ 0 17  2  1]
 [ 0  2 18  1]
 [ 0  5  2 17]]
OA: 73%
Cohen's kappa: 0.65
              precision    recall  f1-score   support

           0       1.00      0.59      0.74        27
           1       0.52      0.85      0.64        20
           2       0.78      0.86      0.82        21
           3       0.85      0.71      0.77        24

   micro avg       0.74      0.74      0.74        92
   macro avg       0.79      0.75      0.74        92
weighted avg       0.81      0.74      0.75        92
=====================================================
Epoch: 65
[[15 10  1  1]
 [ 0 19  0  1]
 [ 0  4 14  3]
 [ 0 11  1 12]]
OA: 65%
Cohen's kappa: 0.54
              precision    recall  f1-score   support

           0       1.00      0.56      0.71        27
           1       0.43      0.95      0.59        20
           2       0.88      0.67      0.76        21
           3       0.71      0.50      0.59        24

   micro avg       0.65      0.65      0.65        92
   macro avg       0.75      0.67      0.66        92
weighted avg       0.77      0.65      0.66        92
=====================================================
Epoch: 66
[[17  7  0  3]
 [ 1 18  1  0]
 [ 0  3 15  3]
 [ 0  4  3 17]]
OA: 72%
Cohen's kappa: 0.63
              precision    recall  f1-score   support

           0       0.94      0.63      0.76        27
           1       0.56      0.90      0.69        20
           2       0.79      0.71      0.75        21
           3       0.74      0.71      0.72        24

   micro avg       0.73      0.73      0.73        92
   macro avg       0.76      0.74      0.73        92
weighted avg       0.77      0.73      0.73        92
=====================================================
Epoch: 67
[[19  5  2  1]
 [ 1 16  2  1]
 [ 0  2 17  2]
 [ 0  5  2 17]]
OA: 75%
Cohen's kappa: 0.66
              precision    recall  f1-score   support

           0       0.95      0.70      0.81        27
           1       0.57      0.80      0.67        20
           2       0.74      0.81      0.77        21
           3       0.81      0.71      0.76        24

   micro avg       0.75      0.75      0.75        92
   macro avg       0.77      0.76      0.75        92
weighted avg       0.78      0.75      0.76        92
=====================================================
Epoch: 68
[[19  5  1  2]
 [ 1 15  4  0]
 [ 0  2 16  3]
 [ 0  2  4 18]]
OA: 73%
Cohen's kappa: 0.65
              precision    recall  f1-score   support

           0       0.95      0.70      0.81        27
           1       0.62      0.75      0.68        20
           2       0.64      0.76      0.70        21
           3       0.78      0.75      0.77        24

   micro avg       0.74      0.74      0.74        92
   macro avg       0.75      0.74      0.74        92
weighted avg       0.76      0.74      0.74        92
=====================================================
Epoch: 69
[[17  8  1  1]
 [ 1 16  2  1]
 [ 0  3 15  3]
 [ 0 10  2 12]]
OA: 65%
Cohen's kappa: 0.54
              precision    recall  f1-score   support

           0       0.94      0.63      0.76        27
           1       0.43      0.80      0.56        20
           2       0.75      0.71      0.73        21
           3       0.71      0.50      0.59        24

   micro avg       0.65      0.65      0.65        92
   macro avg       0.71      0.66      0.66        92
weighted avg       0.73      0.65      0.66        92
=====================================================
Epoch: 70
[[16  4  2  5]
 [ 1 17  2  0]
 [ 0  3 17  1]
 [ 0  7  2 15]]
OA: 70%
Cohen's kappa: 0.61
              precision    recall  f1-score   support

           0       0.94      0.59      0.73        27
           1       0.55      0.85      0.67        20
           2       0.74      0.81      0.77        21
           3       0.71      0.62      0.67        24

   micro avg       0.71      0.71      0.71        92
   macro avg       0.74      0.72      0.71        92
weighted avg       0.75      0.71      0.71        92
=====================================================
Epoch: 71
[[17  7  0  3]
 [ 0 16  4  0]
 [ 0  2 16  3]
 [ 0  5  2 17]]
OA: 71%
Cohen's kappa: 0.62
              precision    recall  f1-score   support

           0       1.00      0.63      0.77        27
           1       0.53      0.80      0.64        20
           2       0.73      0.76      0.74        21
           3       0.74      0.71      0.72        24

   micro avg       0.72      0.72      0.72        92
   macro avg       0.75      0.72      0.72        92
weighted avg       0.77      0.72      0.72        92
=====================================================
Epoch: 72
[[19  5  1  2]
 [ 1 14  5  0]
 [ 0  2 19  0]
 [ 0  3  3 18]]
OA: 76%
Cohen's kappa: 0.68
              precision    recall  f1-score   support

           0       0.95      0.70      0.81        27
           1       0.58      0.70      0.64        20
           2       0.68      0.90      0.78        21
           3       0.90      0.75      0.82        24

   micro avg       0.76      0.76      0.76        92
   macro avg       0.78      0.76      0.76        92
weighted avg       0.80      0.76      0.77        92
=====================================================
Epoch: 73
[[18  8  0  1]
 [ 1 19  0  0]
 [ 0  3 18  0]
 [ 0  8  3 13]]
OA: 73%
Cohen's kappa: 0.65
              precision    recall  f1-score   support

           0       0.95      0.67      0.78        27
           1       0.50      0.95      0.66        20
           2       0.86      0.86      0.86        21
           3       0.93      0.54      0.68        24

   micro avg       0.74      0.74      0.74        92
   macro avg       0.81      0.75      0.74        92
weighted avg       0.82      0.74      0.75        92
=====================================================
Epoch: 74
[[18  5  3  1]
 [ 0 16  4  0]
 [ 0  1 20  0]
 [ 0  8  4 12]]
OA: 71%
Cohen's kappa: 0.62
              precision    recall  f1-score   support

           0       1.00      0.67      0.80        27
           1       0.53      0.80      0.64        20
           2       0.65      0.95      0.77        21
           3       0.92      0.50      0.65        24

   micro avg       0.72      0.72      0.72        92
   macro avg       0.78      0.73      0.71        92
weighted avg       0.80      0.72      0.72        92
=====================================================
Epoch: 75
[[18  7  1  1]
 [ 0 17  2  1]
 [ 0  1 18  2]
 [ 0  6  1 17]]
OA: 76%
Cohen's kappa: 0.68
              precision    recall  f1-score   support

           0       1.00      0.67      0.80        27
           1       0.55      0.85      0.67        20
           2       0.82      0.86      0.84        21
           3       0.81      0.71      0.76        24

   micro avg       0.76      0.76      0.76        92
   macro avg       0.79      0.77      0.76        92
weighted avg       0.81      0.76      0.77        92
=====================================================
Epoch: 76
[[16  8  1  2]
 [ 0 15  5  0]
 [ 0  1 20  0]
 [ 0  7  5 12]]
OA: 68%
Cohen's kappa: 0.58
              precision    recall  f1-score   support

           0       1.00      0.59      0.74        27
           1       0.48      0.75      0.59        20
           2       0.65      0.95      0.77        21
           3       0.86      0.50      0.63        24

   micro avg       0.68      0.68      0.68        92
   macro avg       0.75      0.70      0.68        92
weighted avg       0.77      0.68      0.69        92
=====================================================
Epoch: 77
[[19  6  1  1]
 [ 1 18  1  0]
 [ 0  4 15  2]
 [ 0  8  2 14]]
OA: 71%
Cohen's kappa: 0.62
              precision    recall  f1-score   support

           0       0.95      0.70      0.81        27
           1       0.50      0.90      0.64        20
           2       0.79      0.71      0.75        21
           3       0.82      0.58      0.68        24

   micro avg       0.72      0.72      0.72        92
   macro avg       0.77      0.73      0.72        92
weighted avg       0.78      0.72      0.73        92
=====================================================
Epoch: 78
[[18  7  0  2]
 [ 1 15  3  1]
 [ 0  2 19  0]
 [ 0  6  5 13]]
OA: 70%
Cohen's kappa: 0.61
              precision    recall  f1-score   support

           0       0.95      0.67      0.78        27
           1       0.50      0.75      0.60        20
           2       0.70      0.90      0.79        21
           3       0.81      0.54      0.65        24

   micro avg       0.71      0.71      0.71        92
   macro avg       0.74      0.72      0.71        92
weighted avg       0.76      0.71      0.71        92
=====================================================
Epoch: 79
[[17  6  0  4]
 [ 2 17  1  0]
 [ 0  3 16  2]
 [ 0  6  0 18]]
OA: 73%
Cohen's kappa: 0.65
              precision    recall  f1-score   support

           0       0.89      0.63      0.74        27
           1       0.53      0.85      0.65        20
           2       0.94      0.76      0.84        21
           3       0.75      0.75      0.75        24

   micro avg       0.74      0.74      0.74        92
   macro avg       0.78      0.75      0.75        92
weighted avg       0.79      0.74      0.75        92
=====================================================
Epoch: 80
[[18  8  0  1]
 [ 1 18  1  0]
 [ 0  3 16  2]
 [ 0 12  1 11]]
OA: 68%
Cohen's kappa: 0.58
              precision    recall  f1-score   support

           0       0.95      0.67      0.78        27
           1       0.44      0.90      0.59        20
           2       0.89      0.76      0.82        21
           3       0.79      0.46      0.58        24

   micro avg       0.68      0.68      0.68        92
   macro avg       0.77      0.70      0.69        92
weighted avg       0.78      0.68      0.70        92
=====================================================
Epoch: 81
[[18  7  0  2]
 [ 2 16  2  0]
 [ 0  4 15  2]
 [ 0  4  2 18]]
OA: 72%
Cohen's kappa: 0.63
              precision    recall  f1-score   support

           0       0.90      0.67      0.77        27
           1       0.52      0.80      0.63        20
           2       0.79      0.71      0.75        21
           3       0.82      0.75      0.78        24

   micro avg       0.73      0.73      0.73        92
   macro avg       0.76      0.73      0.73        92
weighted avg       0.77      0.73      0.74        92
=====================================================
Epoch: 82
[[17  7  2  1]
 [ 0 16  4  0]
 [ 0  2 18  1]
 [ 0  9  1 14]]
OA: 70%
Cohen's kappa: 0.61
              precision    recall  f1-score   support

           0       1.00      0.63      0.77        27
           1       0.47      0.80      0.59        20
           2       0.72      0.86      0.78        21
           3       0.88      0.58      0.70        24

   micro avg       0.71      0.71      0.71        92
   macro avg       0.77      0.72      0.71        92
weighted avg       0.79      0.71      0.72        92
=====================================================
Epoch: 83
[[18  7  0  2]
 [ 1 18  1  0]
 [ 0  3 17  1]
 [ 0  8  1 15]]
OA: 73%
Cohen's kappa: 0.65
              precision    recall  f1-score   support

           0       0.95      0.67      0.78        27
           1       0.50      0.90      0.64        20
           2       0.89      0.81      0.85        21
           3       0.83      0.62      0.71        24

   micro avg       0.74      0.74      0.74        92
   macro avg       0.79      0.75      0.75        92
weighted avg       0.81      0.74      0.75        92
=====================================================
Epoch: 84
[[13 10  0  4]
 [ 1 16  3  0]
 [ 0  3 17  1]
 [ 0  8  4 12]]
OA: 63%
Cohen's kappa: 0.51
              precision    recall  f1-score   support

           0       0.93      0.48      0.63        27
           1       0.43      0.80      0.56        20
           2       0.71      0.81      0.76        21
           3       0.71      0.50      0.59        24

   micro avg       0.63      0.63      0.63        92
   macro avg       0.69      0.65      0.63        92
weighted avg       0.71      0.63      0.63        92
=====================================================
Epoch: 85
[[21  5  0  1]
 [ 3 15  2  0]
 [ 0  2 19  0]
 [ 0  7  4 13]]
OA: 73%
Cohen's kappa: 0.65
              precision    recall  f1-score   support

           0       0.88      0.78      0.82        27
           1       0.52      0.75      0.61        20
           2       0.76      0.90      0.83        21
           3       0.93      0.54      0.68        24

   micro avg       0.74      0.74      0.74        92
   macro avg       0.77      0.74      0.74        92
weighted avg       0.78      0.74      0.74        92
=====================================================
Epoch: 86
[[17  5  2  3]
 [ 0 15  5  0]
 [ 0  2 18  1]
 [ 0  4  6 14]]
OA: 69%
Cohen's kappa: 0.59
              precision    recall  f1-score   support

           0       1.00      0.63      0.77        27
           1       0.58      0.75      0.65        20
           2       0.58      0.86      0.69        21
           3       0.78      0.58      0.67        24

   micro avg       0.70      0.70      0.70        92
   macro avg       0.73      0.71      0.70        92
weighted avg       0.75      0.70      0.70        92
=====================================================
Epoch: 87
[[18  8  0  1]
 [ 0 19  1  0]
 [ 0  3 17  1]
 [ 0  9  1 14]]
OA: 73%
Cohen's kappa: 0.65
              precision    recall  f1-score   support

           0       1.00      0.67      0.80        27
           1       0.49      0.95      0.64        20
           2       0.89      0.81      0.85        21
           3       0.88      0.58      0.70        24

   micro avg       0.74      0.74      0.74        92
   macro avg       0.81      0.75      0.75        92
weighted avg       0.83      0.74      0.75        92
=====================================================
Epoch: 88
[[16  8  0  3]
 [ 0 17  3  0]
 [ 0  2 18  1]
 [ 0  4  3 17]]
OA: 73%
Cohen's kappa: 0.65
              precision    recall  f1-score   support

           0       1.00      0.59      0.74        27
           1       0.55      0.85      0.67        20
           2       0.75      0.86      0.80        21
           3       0.81      0.71      0.76        24

   micro avg       0.74      0.74      0.74        92
   macro avg       0.78      0.75      0.74        92
weighted avg       0.80      0.74      0.74        92
=====================================================
Epoch: 89
[[19  7  0  1]
 [ 2 16  2  0]
 [ 0  3 18  0]
 [ 0  9  4 11]]
OA: 69%
Cohen's kappa: 0.59
              precision    recall  f1-score   support

           0       0.90      0.70      0.79        27
           1       0.46      0.80      0.58        20
           2       0.75      0.86      0.80        21
           3       0.92      0.46      0.61        24

   micro avg       0.70      0.70      0.70        92
   macro avg       0.76      0.70      0.70        92
weighted avg       0.78      0.70      0.70        92
=====================================================
Epoch: 90
[[18  5  3  1]
 [ 0 18  2  0]
 [ 0  2 19  0]
 [ 0 11  9  4]]
OA: 64%
Cohen's kappa: 0.52
              precision    recall  f1-score   support

           0       1.00      0.67      0.80        27
           1       0.50      0.90      0.64        20
           2       0.58      0.90      0.70        21
           3       0.80      0.17      0.28        24

   micro avg       0.64      0.64      0.64        92
   macro avg       0.72      0.66      0.61        92
weighted avg       0.74      0.64      0.61        92
=====================================================
Epoch: 91
[[18  7  1  1]
 [ 0 18  2  0]
 [ 0  2 19  0]
 [ 0 11  1 12]]
OA: 72%
Cohen's kappa: 0.64
              precision    recall  f1-score   support

           0       1.00      0.67      0.80        27
           1       0.47      0.90      0.62        20
           2       0.83      0.90      0.86        21
           3       0.92      0.50      0.65        24

   micro avg       0.73      0.73      0.73        92
   macro avg       0.81      0.74      0.73        92
weighted avg       0.83      0.73      0.74        92
=====================================================
Epoch: 92
[[16  9  0  2]
 [ 0 16  4  0]
 [ 0  2 19  0]
 [ 0  6  4 14]]
OA: 70%
Cohen's kappa: 0.61
              precision    recall  f1-score   support

           0       1.00      0.59      0.74        27
           1       0.48      0.80      0.60        20
           2       0.70      0.90      0.79        21
           3       0.88      0.58      0.70        24

   micro avg       0.71      0.71      0.71        92
   macro avg       0.77      0.72      0.71        92
weighted avg       0.79      0.71      0.71        92
=====================================================
Epoch: 93
[[18  6  1  2]
 [ 0 16  4  0]
 [ 0  2 18  1]
 [ 0  6  2 16]]
OA: 73%
Cohen's kappa: 0.65
              precision    recall  f1-score   support

           0       1.00      0.67      0.80        27
           1       0.53      0.80      0.64        20
           2       0.72      0.86      0.78        21
           3       0.84      0.67      0.74        24

   micro avg       0.74      0.74      0.74        92
   macro avg       0.77      0.75      0.74        92
weighted avg       0.79      0.74      0.75        92
=====================================================
Epoch: 94
[[18  7  0  2]
 [ 0 19  1  0]
 [ 0  3 16  2]
 [ 0 11  2 11]]
OA: 69%
Cohen's kappa: 0.59
              precision    recall  f1-score   support

           0       1.00      0.67      0.80        27
           1       0.47      0.95      0.63        20
           2       0.84      0.76      0.80        21
           3       0.73      0.46      0.56        24

   micro avg       0.70      0.70      0.70        92
   macro avg       0.76      0.71      0.70        92
weighted avg       0.78      0.70      0.70        92
=====================================================
Epoch: 95
[[20  5  0  2]
 [ 2 14  4  0]
 [ 0  2 17  2]
 [ 0  6  3 15]]
OA: 71%
Cohen's kappa: 0.62
              precision    recall  f1-score   support

           0       0.91      0.74      0.82        27
           1       0.52      0.70      0.60        20
           2       0.71      0.81      0.76        21
           3       0.79      0.62      0.70        24

   micro avg       0.72      0.72      0.72        92
   macro avg       0.73      0.72      0.72        92
weighted avg       0.75      0.72      0.72        92
=====================================================
Epoch: 96
[[20  4  0  3]
 [ 2 14  4  0]
 [ 0  2 18  1]
 [ 0  8  2 14]]
OA: 71%
Cohen's kappa: 0.62
              precision    recall  f1-score   support

           0       0.91      0.74      0.82        27
           1       0.50      0.70      0.58        20
           2       0.75      0.86      0.80        21
           3       0.78      0.58      0.67        24

   micro avg       0.72      0.72      0.72        92
   macro avg       0.73      0.72      0.72        92
weighted avg       0.75      0.72      0.72        92
=====================================================
Epoch: 97
[[17  5  0  5]
 [ 2 13  5  0]
 [ 0  1 19  1]
 [ 0  6  3 15]]
OA: 69%
Cohen's kappa: 0.59
              precision    recall  f1-score   support

           0       0.89      0.63      0.74        27
           1       0.52      0.65      0.58        20
           2       0.70      0.90      0.79        21
           3       0.71      0.62      0.67        24

   micro avg       0.70      0.70      0.70        92
   macro avg       0.71      0.70      0.69        92
weighted avg       0.72      0.70      0.70        92
=====================================================
Epoch: 98
[[20  7  0  0]
 [ 1 17  2  0]
 [ 0  4 15  2]
 [ 0 12  4  8]]
OA: 65%
Cohen's kappa: 0.54
              precision    recall  f1-score   support

           0       0.95      0.74      0.83        27
           1       0.42      0.85      0.57        20
           2       0.71      0.71      0.71        21
           3       0.80      0.33      0.47        24

   micro avg       0.65      0.65      0.65        92
   macro avg       0.72      0.66      0.65        92
weighted avg       0.74      0.65      0.65        92
=====================================================
Epoch: 99
[[18  6  0  3]
 [ 1 17  2  0]
 [ 0  2 19  0]
 [ 0  8  5 11]]
OA: 70%
Cohen's kappa: 0.61
              precision    recall  f1-score   support

           0       0.95      0.67      0.78        27
           1       0.52      0.85      0.64        20
           2       0.73      0.90      0.81        21
           3       0.79      0.46      0.58        24

   micro avg       0.71      0.71      0.71        92
   macro avg       0.74      0.72      0.70        92
weighted avg       0.76      0.71      0.70        92
=====================================================
Epoch: 100
[[20  5  0  2]
 [ 2 14  4  0]
 [ 0  1 20  0]
 [ 0  6  3 15]]
OA: 75%
Cohen's kappa: 0.66
              precision    recall  f1-score   support

           0       0.91      0.74      0.82        27
           1       0.54      0.70      0.61        20
           2       0.74      0.95      0.83        21
           3       0.88      0.62      0.73        24

   micro avg       0.75      0.75      0.75        92
   macro avg       0.77      0.75      0.75        92
weighted avg       0.78      0.75      0.75        92
