=====================================================
Epoch: 1
[[118  11   4  16]
 [ 45 104   0   0]
 [ 27   0 111  11]
 [ 56  27  27  39]]
OA: 62%
Cohen's kappa: 0.49
              precision    recall  f1-score   support

           0       0.48      0.79      0.60       149
           1       0.73      0.70      0.71       149
           2       0.78      0.74      0.76       149
           3       0.59      0.26      0.36       149

   micro avg       0.62      0.62      0.62       596
   macro avg       0.65      0.62      0.61       596
weighted avg       0.65      0.62      0.61       596
=====================================================
Epoch: 2
[[102  12  25  10]
 [ 28 119   1   1]
 [  0   0 149   0]
 [ 31  11  89  18]]
OA: 65%
Cohen's kappa: 0.53
              precision    recall  f1-score   support

           0       0.63      0.68      0.66       149
           1       0.84      0.80      0.82       149
           2       0.56      1.00      0.72       149
           3       0.62      0.12      0.20       149

   micro avg       0.65      0.65      0.65       596
   macro avg       0.66      0.65      0.60       596
weighted avg       0.66      0.65      0.60       596
=====================================================
Epoch: 3
[[ 95  13   3  38]
 [  5 138   0   6]
 [  8   0 105  36]
 [ 21   3  18 107]]
OA: 74%
Cohen's kappa: 0.66
              precision    recall  f1-score   support

           0       0.74      0.64      0.68       149
           1       0.90      0.93      0.91       149
           2       0.83      0.70      0.76       149
           3       0.57      0.72      0.64       149

   micro avg       0.75      0.75      0.75       596
   macro avg       0.76      0.75      0.75       596
weighted avg       0.76      0.75      0.75       596
=====================================================
Epoch: 4
[[112  13   3  21]
 [  5 141   0   3]
 [  0   0 138  11]
 [ 20   4  36  89]]
OA: 80%
Cohen's kappa: 0.74
              precision    recall  f1-score   support

           0       0.82      0.75      0.78       149
           1       0.89      0.95      0.92       149
           2       0.78      0.93      0.85       149
           3       0.72      0.60      0.65       149

   micro avg       0.81      0.81      0.81       596
   macro avg       0.80      0.81      0.80       596
weighted avg       0.80      0.81      0.80       596
=====================================================
Epoch: 5
[[132   6   1  10]
 [ 22 123   0   4]
 [  3   1 109  36]
 [ 51   1  13  84]]
OA: 75%
Cohen's kappa: 0.66
              precision    recall  f1-score   support

           0       0.63      0.89      0.74       149
           1       0.94      0.83      0.88       149
           2       0.89      0.73      0.80       149
           3       0.63      0.56      0.59       149

   micro avg       0.75      0.75      0.75       596
   macro avg       0.77      0.75      0.75       596
weighted avg       0.77      0.75      0.75       596
=====================================================
Epoch: 6
[[ 91  17   0  41]
 [  2 144   0   3]
 [  0   0 138  11]
 [  7   4  36 102]]
OA: 79%
Cohen's kappa: 0.72
              precision    recall  f1-score   support

           0       0.91      0.61      0.73       149
           1       0.87      0.97      0.92       149
           2       0.79      0.93      0.85       149
           3       0.65      0.68      0.67       149

   micro avg       0.80      0.80      0.80       596
   macro avg       0.81      0.80      0.79       596
weighted avg       0.81      0.80      0.79       596
=====================================================
Epoch: 7
[[108  17   3  21]
 [  4 143   0   2]
 [  0   0 134  15]
 [ 16   2  33  98]]
OA: 81%
Cohen's kappa: 0.74
              precision    recall  f1-score   support

           0       0.84      0.72      0.78       149
           1       0.88      0.96      0.92       149
           2       0.79      0.90      0.84       149
           3       0.72      0.66      0.69       149

   micro avg       0.81      0.81      0.81       596
   macro avg       0.81      0.81      0.81       596
weighted avg       0.81      0.81      0.81       596
=====================================================
Epoch: 8
[[114  11  12  12]
 [  3 144   1   1]
 [  0   0 146   3]
 [ 24   1  59  65]]
OA: 78%
Cohen's kappa: 0.71
              precision    recall  f1-score   support

           0       0.81      0.77      0.79       149
           1       0.92      0.97      0.94       149
           2       0.67      0.98      0.80       149
           3       0.80      0.44      0.57       149

   micro avg       0.79      0.79      0.79       596
   macro avg       0.80      0.79      0.77       596
weighted avg       0.80      0.79      0.77       596
=====================================================
Epoch: 9
[[122   7   9  11]
 [  4 144   0   1]
 [  0   0 133  16]
 [ 21   1  45  82]]
OA: 80%
Cohen's kappa: 0.74
              precision    recall  f1-score   support

           0       0.83      0.82      0.82       149
           1       0.95      0.97      0.96       149
           2       0.71      0.89      0.79       149
           3       0.75      0.55      0.63       149

   micro avg       0.81      0.81      0.81       596
   macro avg       0.81      0.81      0.80       596
weighted avg       0.81      0.81      0.80       596
=====================================================
Epoch: 10
[[130   3   5  11]
 [  8 138   0   3]
 [  0   0 140   9]
 [ 14   3  44  88]]
OA: 83%
Cohen's kappa: 0.77
              precision    recall  f1-score   support

           0       0.86      0.87      0.86       149
           1       0.96      0.93      0.94       149
           2       0.74      0.94      0.83       149
           3       0.79      0.59      0.68       149

   micro avg       0.83      0.83      0.83       596
   macro avg       0.84      0.83      0.83       596
weighted avg       0.84      0.83      0.83       596
=====================================================
Epoch: 11
[[128   4   4  13]
 [ 12 135   0   2]
 [  0   0 143   6]
 [ 18   1  45  85]]
OA: 82%
Cohen's kappa: 0.76
              precision    recall  f1-score   support

           0       0.81      0.86      0.83       149
           1       0.96      0.91      0.93       149
           2       0.74      0.96      0.84       149
           3       0.80      0.57      0.67       149

   micro avg       0.82      0.82      0.82       596
   macro avg       0.83      0.82      0.82       596
weighted avg       0.83      0.82      0.82       596
=====================================================
Epoch: 12
[[122  13   5   9]
 [  3 146   0   0]
 [  0   0 148   1]
 [ 20   4  54  71]]
OA: 81%
Cohen's kappa: 0.75
              precision    recall  f1-score   support

           0       0.84      0.82      0.83       149
           1       0.90      0.98      0.94       149
           2       0.71      0.99      0.83       149
           3       0.88      0.48      0.62       149

   micro avg       0.82      0.82      0.82       596
   macro avg       0.83      0.82      0.80       596
weighted avg       0.83      0.82      0.80       596
=====================================================
Epoch: 13
[[ 99  21   4  25]
 [  2 147   0   0]
 [  0   0 147   2]
 [  8   6  51  84]]
OA: 80%
Cohen's kappa: 0.73
              precision    recall  f1-score   support

           0       0.91      0.66      0.77       149
           1       0.84      0.99      0.91       149
           2       0.73      0.99      0.84       149
           3       0.76      0.56      0.65       149

   micro avg       0.80      0.80      0.80       596
   macro avg       0.81      0.80      0.79       596
weighted avg       0.81      0.80      0.79       596
=====================================================
Epoch: 14
[[126  12   0  11]
 [  3 146   0   0]
 [  0   0 129  20]
 [ 13   2  25 109]]
OA: 85%
Cohen's kappa: 0.8
              precision    recall  f1-score   support

           0       0.89      0.85      0.87       149
           1       0.91      0.98      0.94       149
           2       0.84      0.87      0.85       149
           3       0.78      0.73      0.75       149

   micro avg       0.86      0.86      0.86       596
   macro avg       0.85      0.86      0.85       596
weighted avg       0.85      0.86      0.85       596
=====================================================
Epoch: 15
[[124  15   3   7]
 [  2 147   0   0]
 [  1   0 147   1]
 [ 33   3  44  69]]
OA: 81%
Cohen's kappa: 0.75
              precision    recall  f1-score   support

           0       0.78      0.83      0.80       149
           1       0.89      0.99      0.94       149
           2       0.76      0.99      0.86       149
           3       0.90      0.46      0.61       149

   micro avg       0.82      0.82      0.82       596
   macro avg       0.83      0.82      0.80       596
weighted avg       0.83      0.82      0.80       596
=====================================================
Epoch: 16
[[127   9   2  11]
 [  3 146   0   0]
 [  0   0 134  15]
 [ 13   4  41  91]]
OA: 83%
Cohen's kappa: 0.78
              precision    recall  f1-score   support

           0       0.89      0.85      0.87       149
           1       0.92      0.98      0.95       149
           2       0.76      0.90      0.82       149
           3       0.78      0.61      0.68       149

   micro avg       0.84      0.84      0.84       596
   macro avg       0.84      0.84      0.83       596
weighted avg       0.84      0.84      0.83       596
=====================================================
Epoch: 17
[[131   8   3   7]
 [  5 144   0   0]
 [  0   0 138  11]
 [ 17   3  46  83]]
OA: 83%
Cohen's kappa: 0.77
              precision    recall  f1-score   support

           0       0.86      0.88      0.87       149
           1       0.93      0.97      0.95       149
           2       0.74      0.93      0.82       149
           3       0.82      0.56      0.66       149

   micro avg       0.83      0.83      0.83       596
   macro avg       0.84      0.83      0.83       596
weighted avg       0.84      0.83      0.83       596
=====================================================
Epoch: 18
[[118  10   0  21]
 [  4 145   0   0]
 [  0   0 129  20]
 [  8   5  22 114]]
OA: 84%
Cohen's kappa: 0.79
              precision    recall  f1-score   support

           0       0.91      0.79      0.85       149
           1       0.91      0.97      0.94       149
           2       0.85      0.87      0.86       149
           3       0.74      0.77      0.75       149

   micro avg       0.85      0.85      0.85       596
   macro avg       0.85      0.85      0.85       596
weighted avg       0.85      0.85      0.85       596
=====================================================
Epoch: 19
[[130  15   0   4]
 [  3 146   0   0]
 [  1   0 128  20]
 [ 46   4  33  66]]
OA: 78%
Cohen's kappa: 0.71
              precision    recall  f1-score   support

           0       0.72      0.87      0.79       149
           1       0.88      0.98      0.93       149
           2       0.80      0.86      0.83       149
           3       0.73      0.44      0.55       149

   micro avg       0.79      0.79      0.79       596
   macro avg       0.78      0.79      0.77       596
weighted avg       0.78      0.79      0.77       596
=====================================================
Epoch: 20
[[135   7   1   6]
 [  5 144   0   0]
 [  0   0 144   5]
 [ 25   2  49  73]]
OA: 83%
Cohen's kappa: 0.77
              precision    recall  f1-score   support

           0       0.82      0.91      0.86       149
           1       0.94      0.97      0.95       149
           2       0.74      0.97      0.84       149
           3       0.87      0.49      0.63       149

   micro avg       0.83      0.83      0.83       596
   macro avg       0.84      0.83      0.82       596
weighted avg       0.84      0.83      0.82       596
=====================================================
Epoch: 21
[[132   6   2   9]
 [  4 144   0   1]
 [  0   0 134  15]
 [ 10   2  42  95]]
OA: 84%
Cohen's kappa: 0.79
              precision    recall  f1-score   support

           0       0.90      0.89      0.89       149
           1       0.95      0.97      0.96       149
           2       0.75      0.90      0.82       149
           3       0.79      0.64      0.71       149

   micro avg       0.85      0.85      0.85       596
   macro avg       0.85      0.85      0.84       596
weighted avg       0.85      0.85      0.84       596
=====================================================
Epoch: 22
[[129  12   3   5]
 [  1 148   0   0]
 [  0   0 134  15]
 [ 41   3  42  63]]
OA: 79%
Cohen's kappa: 0.72
              precision    recall  f1-score   support

           0       0.75      0.87      0.81       149
           1       0.91      0.99      0.95       149
           2       0.75      0.90      0.82       149
           3       0.76      0.42      0.54       149

   micro avg       0.80      0.80      0.80       596
   macro avg       0.79      0.80      0.78       596
weighted avg       0.79      0.80      0.78       596
=====================================================
Epoch: 23
[[133   7   2   7]
 [  5 144   0   0]
 [  0   0 146   3]
 [ 26   1  43  79]]
OA: 84%
Cohen's kappa: 0.78
              precision    recall  f1-score   support

           0       0.81      0.89      0.85       149
           1       0.95      0.97      0.96       149
           2       0.76      0.98      0.86       149
           3       0.89      0.53      0.66       149

   micro avg       0.84      0.84      0.84       596
   macro avg       0.85      0.84      0.83       596
weighted avg       0.85      0.84      0.83       596
=====================================================
Epoch: 24
[[132   9   1   7]
 [  2 147   0   0]
 [  0   0 140   9]
 [ 28   3  34  84]]
OA: 84%
Cohen's kappa: 0.79
              precision    recall  f1-score   support

           0       0.81      0.89      0.85       149
           1       0.92      0.99      0.95       149
           2       0.80      0.94      0.86       149
           3       0.84      0.56      0.67       149

   micro avg       0.84      0.84      0.84       596
   macro avg       0.84      0.84      0.84       596
weighted avg       0.84      0.84      0.84       596
=====================================================
Epoch: 25
[[134   9   0   6]
 [  4 145   0   0]
 [  0   0 135  14]
 [ 22   2  30  95]]
OA: 85%
Cohen's kappa: 0.8
              precision    recall  f1-score   support

           0       0.84      0.90      0.87       149
           1       0.93      0.97      0.95       149
           2       0.82      0.91      0.86       149
           3       0.83      0.64      0.72       149

   micro avg       0.85      0.85      0.85       596
   macro avg       0.85      0.85      0.85       596
weighted avg       0.85      0.85      0.85       596
=====================================================
Epoch: 26
[[134   8   1   6]
 [  6 143   0   0]
 [  0   0 146   3]
 [ 26   4  47  72]]
OA: 83%
Cohen's kappa: 0.77
              precision    recall  f1-score   support

           0       0.81      0.90      0.85       149
           1       0.92      0.96      0.94       149
           2       0.75      0.98      0.85       149
           3       0.89      0.48      0.63       149

   micro avg       0.83      0.83      0.83       596
   macro avg       0.84      0.83      0.82       596
weighted avg       0.84      0.83      0.82       596
=====================================================
Epoch: 27
[[130   7   3   9]
 [  3 146   0   0]
 [  0   0 142   7]
 [ 10   2  38  99]]
OA: 86%
Cohen's kappa: 0.82
              precision    recall  f1-score   support

           0       0.91      0.87      0.89       149
           1       0.94      0.98      0.96       149
           2       0.78      0.95      0.86       149
           3       0.86      0.66      0.75       149

   micro avg       0.87      0.87      0.87       596
   macro avg       0.87      0.87      0.86       596
weighted avg       0.87      0.87      0.86       596
=====================================================
Epoch: 28
[[128   7   0  14]
 [  2 147   0   0]
 [  0   0 135  14]
 [  7   4  33 105]]
OA: 86%
Cohen's kappa: 0.81
              precision    recall  f1-score   support

           0       0.93      0.86      0.90       149
           1       0.93      0.99      0.96       149
           2       0.80      0.91      0.85       149
           3       0.79      0.70      0.74       149

   micro avg       0.86      0.86      0.86       596
   macro avg       0.86      0.86      0.86       596
weighted avg       0.86      0.86      0.86       596
=====================================================
Epoch: 29
[[129  11   2   7]
 [  2 147   0   0]
 [  0   0 137  12]
 [ 11   3  41  94]]
OA: 85%
Cohen's kappa: 0.8
              precision    recall  f1-score   support

           0       0.91      0.87      0.89       149
           1       0.91      0.99      0.95       149
           2       0.76      0.92      0.83       149
           3       0.83      0.63      0.72       149

   micro avg       0.85      0.85      0.85       596
   macro avg       0.85      0.85      0.85       596
weighted avg       0.85      0.85      0.85       596
=====================================================
Epoch: 30
[[137   8   1   3]
 [  3 146   0   0]
 [  0   0 146   3]
 [ 27   7  41  74]]
OA: 84%
Cohen's kappa: 0.79
              precision    recall  f1-score   support

           0       0.82      0.92      0.87       149
           1       0.91      0.98      0.94       149
           2       0.78      0.98      0.87       149
           3       0.93      0.50      0.65       149

   micro avg       0.84      0.84      0.84       596
   macro avg       0.86      0.84      0.83       596
weighted avg       0.86      0.84      0.83       596
=====================================================
Epoch: 31
[[139   8   0   2]
 [  3 146   0   0]
 [  0   0 143   6]
 [ 30   2  39  78]]
OA: 84%
Cohen's kappa: 0.79
              precision    recall  f1-score   support

           0       0.81      0.93      0.87       149
           1       0.94      0.98      0.96       149
           2       0.79      0.96      0.86       149
           3       0.91      0.52      0.66       149

   micro avg       0.85      0.85      0.85       596
   macro avg       0.86      0.85      0.84       596
weighted avg       0.86      0.85      0.84       596
=====================================================
Epoch: 32
[[136   8   1   4]
 [  3 146   0   0]
 [  0   0 139  10]
 [ 23   2  35  89]]
OA: 85%
Cohen's kappa: 0.8
              precision    recall  f1-score   support

           0       0.84      0.91      0.87       149
           1       0.94      0.98      0.96       149
           2       0.79      0.93      0.86       149
           3       0.86      0.60      0.71       149

   micro avg       0.86      0.86      0.86       596
   macro avg       0.86      0.86      0.85       596
weighted avg       0.86      0.86      0.85       596
=====================================================
Epoch: 33
[[127   7   2  13]
 [  4 145   0   0]
 [  0   0 145   4]
 [  5   2  41 101]]
OA: 86%
Cohen's kappa: 0.82
              precision    recall  f1-score   support

           0       0.93      0.85      0.89       149
           1       0.94      0.97      0.96       149
           2       0.77      0.97      0.86       149
           3       0.86      0.68      0.76       149

   micro avg       0.87      0.87      0.87       596
   macro avg       0.88      0.87      0.87       596
weighted avg       0.88      0.87      0.87       596
=====================================================
Epoch: 34
[[127   8   0  14]
 [  3 146   0   0]
 [  0   0 136  13]
 [  7   3  31 108]]
OA: 86%
Cohen's kappa: 0.82
              precision    recall  f1-score   support

           0       0.93      0.85      0.89       149
           1       0.93      0.98      0.95       149
           2       0.81      0.91      0.86       149
           3       0.80      0.72      0.76       149

   micro avg       0.87      0.87      0.87       596
   macro avg       0.87      0.87      0.87       596
weighted avg       0.87      0.87      0.87       596
=====================================================
Epoch: 35
[[133   8   1   7]
 [  3 146   0   0]
 [  0   0 146   3]
 [ 25   2  37  85]]
OA: 85%
Cohen's kappa: 0.8
              precision    recall  f1-score   support

           0       0.83      0.89      0.86       149
           1       0.94      0.98      0.96       149
           2       0.79      0.98      0.88       149
           3       0.89      0.57      0.70       149

   micro avg       0.86      0.86      0.86       596
   macro avg       0.86      0.86      0.85       596
weighted avg       0.86      0.86      0.85       596
=====================================================
Epoch: 36
[[127  10   1  11]
 [  1 148   0   0]
 [  0   0 146   3]
 [  6   3  36 104]]
OA: 88%
Cohen's kappa: 0.84
              precision    recall  f1-score   support

           0       0.95      0.85      0.90       149
           1       0.92      0.99      0.95       149
           2       0.80      0.98      0.88       149
           3       0.88      0.70      0.78       149

   micro avg       0.88      0.88      0.88       596
   macro avg       0.89      0.88      0.88       596
weighted avg       0.89      0.88      0.88       596
=====================================================
Epoch: 37
[[128   7   1  13]
 [  5 144   0   0]
 [  0   0 136  13]
 [  7   2  33 107]]
OA: 86%
Cohen's kappa: 0.81
              precision    recall  f1-score   support

           0       0.91      0.86      0.89       149
           1       0.94      0.97      0.95       149
           2       0.80      0.91      0.85       149
           3       0.80      0.72      0.76       149

   micro avg       0.86      0.86      0.86       596
   macro avg       0.86      0.86      0.86       596
weighted avg       0.86      0.86      0.86       596
=====================================================
Epoch: 38
[[130   7   0  12]
 [  3 146   0   0]
 [  0   0 131  18]
 [ 10   3  22 114]]
OA: 87%
Cohen's kappa: 0.83
              precision    recall  f1-score   support

           0       0.91      0.87      0.89       149
           1       0.94      0.98      0.96       149
           2       0.86      0.88      0.87       149
           3       0.79      0.77      0.78       149

   micro avg       0.87      0.87      0.87       596
   macro avg       0.87      0.87      0.87       596
weighted avg       0.87      0.87      0.87       596
=====================================================
Epoch: 39
[[130   7   4   8]
 [  4 145   0   0]
 [  0   0 146   3]
 [  6   1  49  93]]
OA: 86%
Cohen's kappa: 0.81
              precision    recall  f1-score   support

           0       0.93      0.87      0.90       149
           1       0.95      0.97      0.96       149
           2       0.73      0.98      0.84       149
           3       0.89      0.62      0.74       149

   micro avg       0.86      0.86      0.86       596
   macro avg       0.88      0.86      0.86       596
weighted avg       0.88      0.86      0.86       596
=====================================================
Epoch: 40
[[130  11   0   8]
 [  5 144   0   0]
 [  0   0 144   5]
 [ 14   3  40  92]]
OA: 85%
Cohen's kappa: 0.8
              precision    recall  f1-score   support

           0       0.87      0.87      0.87       149
           1       0.91      0.97      0.94       149
           2       0.78      0.97      0.86       149
           3       0.88      0.62      0.72       149

   micro avg       0.86      0.86      0.86       596
   macro avg       0.86      0.86      0.85       596
weighted avg       0.86      0.86      0.85       596
=====================================================
Epoch: 41
[[126  11   2  10]
 [  2 147   0   0]
 [  0   0 142   7]
 [ 10   2  39  98]]
OA: 86%
Cohen's kappa: 0.81
              precision    recall  f1-score   support

           0       0.91      0.85      0.88       149
           1       0.92      0.99      0.95       149
           2       0.78      0.95      0.86       149
           3       0.85      0.66      0.74       149

   micro avg       0.86      0.86      0.86       596
   macro avg       0.86      0.86      0.86       596
weighted avg       0.86      0.86      0.86       596
=====================================================
Epoch: 42
[[130   9   1   9]
 [  3 146   0   0]
 [  0   0 142   7]
 [ 13   1  35 100]]
OA: 86%
Cohen's kappa: 0.82
              precision    recall  f1-score   support

           0       0.89      0.87      0.88       149
           1       0.94      0.98      0.96       149
           2       0.80      0.95      0.87       149
           3       0.86      0.67      0.75       149

   micro avg       0.87      0.87      0.87       596
   macro avg       0.87      0.87      0.87       596
weighted avg       0.87      0.87      0.87       596
=====================================================
Epoch: 43
[[126  11   1  11]
 [  3 146   0   0]
 [  0   0 147   2]
 [  7   2  42  98]]
OA: 86%
Cohen's kappa: 0.82
              precision    recall  f1-score   support

           0       0.93      0.85      0.88       149
           1       0.92      0.98      0.95       149
           2       0.77      0.99      0.87       149
           3       0.88      0.66      0.75       149

   micro avg       0.87      0.87      0.87       596
   macro avg       0.88      0.87      0.86       596
weighted avg       0.88      0.87      0.86       596
=====================================================
Epoch: 44
[[129   8   0  12]
 [  2 147   0   0]
 [  0   0 145   4]
 [  8   3  37 101]]
OA: 87%
Cohen's kappa: 0.83
              precision    recall  f1-score   support

           0       0.93      0.87      0.90       149
           1       0.93      0.99      0.96       149
           2       0.80      0.97      0.88       149
           3       0.86      0.68      0.76       149

   micro avg       0.88      0.88      0.88       596
   macro avg       0.88      0.88      0.87       596
weighted avg       0.88      0.88      0.87       596
=====================================================
Epoch: 45
[[127  11   1  10]
 [  2 147   0   0]
 [  0   0 147   2]
 [ 13   2  38  96]]
OA: 86%
Cohen's kappa: 0.82
              precision    recall  f1-score   support

           0       0.89      0.85      0.87       149
           1       0.92      0.99      0.95       149
           2       0.79      0.99      0.88       149
           3       0.89      0.64      0.75       149

   micro avg       0.87      0.87      0.87       596
   macro avg       0.87      0.87      0.86       596
weighted avg       0.87      0.87      0.86       596
=====================================================
Epoch: 46
[[126   7   3  13]
 [  4 145   0   0]
 [  0   0 146   3]
 [  6   1  47  95]]
OA: 85%
Cohen's kappa: 0.81
              precision    recall  f1-score   support

           0       0.93      0.85      0.88       149
           1       0.95      0.97      0.96       149
           2       0.74      0.98      0.85       149
           3       0.86      0.64      0.73       149

   micro avg       0.86      0.86      0.86       596
   macro avg       0.87      0.86      0.86       596
weighted avg       0.87      0.86      0.86       596
=====================================================
Epoch: 47
[[129   6   5   9]
 [  5 144   0   0]
 [  0   0 148   1]
 [  6   1  52  90]]
OA: 85%
Cohen's kappa: 0.8
              precision    recall  f1-score   support

           0       0.92      0.87      0.89       149
           1       0.95      0.97      0.96       149
           2       0.72      0.99      0.84       149
           3       0.90      0.60      0.72       149

   micro avg       0.86      0.86      0.86       596
   macro avg       0.87      0.86      0.85       596
weighted avg       0.87      0.86      0.85       596
=====================================================
Epoch: 48
[[130   8   1  10]
 [  4 145   0   0]
 [  0   0 145   4]
 [  9   3  36 101]]
OA: 87%
Cohen's kappa: 0.83
              precision    recall  f1-score   support

           0       0.91      0.87      0.89       149
           1       0.93      0.97      0.95       149
           2       0.80      0.97      0.88       149
           3       0.88      0.68      0.77       149

   micro avg       0.87      0.87      0.87       596
   macro avg       0.88      0.87      0.87       596
weighted avg       0.88      0.87      0.87       596
=====================================================
Epoch: 49
[[127  10   2  10]
 [  3 146   0   0]
 [  0   0 147   2]
 [  8   3  41  97]]
OA: 86%
Cohen's kappa: 0.82
              precision    recall  f1-score   support

           0       0.92      0.85      0.89       149
           1       0.92      0.98      0.95       149
           2       0.77      0.99      0.87       149
           3       0.89      0.65      0.75       149

   micro avg       0.87      0.87      0.87       596
   macro avg       0.88      0.87      0.86       596
weighted avg       0.88      0.87      0.86       596
=====================================================
Epoch: 50
[[128  11   1   9]
 [  3 146   0   0]
 [  0   0 140   9]
 [  8   2  36 103]]
OA: 86%
Cohen's kappa: 0.82
              precision    recall  f1-score   support

           0       0.92      0.86      0.89       149
           1       0.92      0.98      0.95       149
           2       0.79      0.94      0.86       149
           3       0.85      0.69      0.76       149

   micro avg       0.87      0.87      0.87       596
   macro avg       0.87      0.87      0.86       596
weighted avg       0.87      0.87      0.86       596
=====================================================
Epoch: 51
[[130   8   2   9]
 [  4 145   0   0]
 [  0   0 147   2]
 [  8   2  42  97]]
OA: 87%
Cohen's kappa: 0.82
              precision    recall  f1-score   support

           0       0.92      0.87      0.89       149
           1       0.94      0.97      0.95       149
           2       0.77      0.99      0.86       149
           3       0.90      0.65      0.75       149

   micro avg       0.87      0.87      0.87       596
   macro avg       0.88      0.87      0.87       596
weighted avg       0.88      0.87      0.87       596
=====================================================
Epoch: 52
[[126  11   0  12]
 [  3 146   0   0]
 [  0   0 140   9]
 [  7   3  31 108]]
OA: 87%
Cohen's kappa: 0.82
              precision    recall  f1-score   support

           0       0.93      0.85      0.88       149
           1       0.91      0.98      0.94       149
           2       0.82      0.94      0.88       149
           3       0.84      0.72      0.78       149

   micro avg       0.87      0.87      0.87       596
   macro avg       0.87      0.87      0.87       596
weighted avg       0.87      0.87      0.87       596
=====================================================
Epoch: 53
[[132   8   1   8]
 [  4 145   0   0]
 [  0   0 147   2]
 [ 14   1  37  97]]
OA: 87%
Cohen's kappa: 0.83
              precision    recall  f1-score   support

           0       0.88      0.89      0.88       149
           1       0.94      0.97      0.96       149
           2       0.79      0.99      0.88       149
           3       0.91      0.65      0.76       149

   micro avg       0.87      0.87      0.87       596
   macro avg       0.88      0.87      0.87       596
weighted avg       0.88      0.87      0.87       596
=====================================================
Epoch: 54
[[130   7   1  11]
 [  5 143   0   1]
 [  0   0 143   6]
 [ 10   1  36 102]]
OA: 86%
Cohen's kappa: 0.82
              precision    recall  f1-score   support

           0       0.90      0.87      0.88       149
           1       0.95      0.96      0.95       149
           2       0.79      0.96      0.87       149
           3       0.85      0.68      0.76       149

   micro avg       0.87      0.87      0.87       596
   macro avg       0.87      0.87      0.87       596
weighted avg       0.87      0.87      0.87       596
=====================================================
Epoch: 55
[[132   8   1   8]
 [  5 144   0   0]
 [  0   0 147   2]
 [ 15   2  38  94]]
OA: 86%
Cohen's kappa: 0.82
              precision    recall  f1-score   support

           0       0.87      0.89      0.88       149
           1       0.94      0.97      0.95       149
           2       0.79      0.99      0.88       149
           3       0.90      0.63      0.74       149

   micro avg       0.87      0.87      0.87       596
   macro avg       0.87      0.87      0.86       596
weighted avg       0.87      0.87      0.86       596
=====================================================
Epoch: 56
[[134   7   1   7]
 [  4 145   0   0]
 [  0   0 146   3]
 [ 14   2  36  97]]
OA: 87%
Cohen's kappa: 0.83
              precision    recall  f1-score   support

           0       0.88      0.90      0.89       149
           1       0.94      0.97      0.96       149
           2       0.80      0.98      0.88       149
           3       0.91      0.65      0.76       149

   micro avg       0.88      0.88      0.88       596
   macro avg       0.88      0.88      0.87       596
weighted avg       0.88      0.88      0.87       596
=====================================================
Epoch: 57
[[130   8   1  10]
 [  4 145   0   0]
 [  0   0 146   3]
 [ 12   2  39  96]]
OA: 86%
Cohen's kappa: 0.82
              precision    recall  f1-score   support

           0       0.89      0.87      0.88       149
           1       0.94      0.97      0.95       149
           2       0.78      0.98      0.87       149
           3       0.88      0.64      0.74       149

   micro avg       0.87      0.87      0.87       596
   macro avg       0.87      0.87      0.86       596
weighted avg       0.87      0.87      0.86       596
=====================================================
Epoch: 58
[[130   8   1  10]
 [  4 145   0   0]
 [  0   0 144   5]
 [ 11   3  38  97]]
OA: 86%
Cohen's kappa: 0.82
              precision    recall  f1-score   support

           0       0.90      0.87      0.88       149
           1       0.93      0.97      0.95       149
           2       0.79      0.97      0.87       149
           3       0.87      0.65      0.74       149

   micro avg       0.87      0.87      0.87       596
   macro avg       0.87      0.87      0.86       596
weighted avg       0.87      0.87      0.86       596
=====================================================
Epoch: 59
[[128  11   1   9]
 [  4 145   0   0]
 [  0   0 144   5]
 [ 12   3  37  97]]
OA: 86%
Cohen's kappa: 0.81
              precision    recall  f1-score   support

           0       0.89      0.86      0.87       149
           1       0.91      0.97      0.94       149
           2       0.79      0.97      0.87       149
           3       0.87      0.65      0.75       149

   micro avg       0.86      0.86      0.86       596
   macro avg       0.87      0.86      0.86       596
weighted avg       0.87      0.86      0.86       596
=====================================================
Epoch: 60
[[131   7   1  10]
 [  4 145   0   0]
 [  0   0 144   5]
 [  9   2  35 103]]
OA: 87%
Cohen's kappa: 0.83
              precision    recall  f1-score   support

           0       0.91      0.88      0.89       149
           1       0.94      0.97      0.96       149
           2       0.80      0.97      0.88       149
           3       0.87      0.69      0.77       149

   micro avg       0.88      0.88      0.88       596
   macro avg       0.88      0.88      0.87       596
weighted avg       0.88      0.88      0.87       596
=====================================================
Epoch: 61
[[128  11   1   9]
 [  3 146   0   0]
 [  0   0 146   3]
 [  9   2  39  99]]
OA: 87%
Cohen's kappa: 0.82
              precision    recall  f1-score   support

           0       0.91      0.86      0.89       149
           1       0.92      0.98      0.95       149
           2       0.78      0.98      0.87       149
           3       0.89      0.66      0.76       149

   micro avg       0.87      0.87      0.87       596
   macro avg       0.88      0.87      0.87       596
weighted avg       0.88      0.87      0.87       596
=====================================================
Epoch: 62
[[130   9   1   9]
 [  3 146   0   0]
 [  0   0 146   3]
 [ 14   3  36  96]]
OA: 86%
Cohen's kappa: 0.82
              precision    recall  f1-score   support

           0       0.88      0.87      0.88       149
           1       0.92      0.98      0.95       149
           2       0.80      0.98      0.88       149
           3       0.89      0.64      0.75       149

   micro avg       0.87      0.87      0.87       596
   macro avg       0.87      0.87      0.86       596
weighted avg       0.87      0.87      0.86       596
=====================================================
Epoch: 63
[[132   7   1   9]
 [  5 144   0   0]
 [  0   0 144   5]
 [ 11   3  34 101]]
OA: 87%
Cohen's kappa: 0.83
              precision    recall  f1-score   support

           0       0.89      0.89      0.89       149
           1       0.94      0.97      0.95       149
           2       0.80      0.97      0.88       149
           3       0.88      0.68      0.77       149

   micro avg       0.87      0.87      0.87       596
   macro avg       0.88      0.87      0.87       596
weighted avg       0.88      0.87      0.87       596
=====================================================
Epoch: 64
[[130   9   1   9]
 [  3 146   0   0]
 [  0   0 146   3]
 [ 13   2  39  95]]
OA: 86%
Cohen's kappa: 0.82
              precision    recall  f1-score   support

           0       0.89      0.87      0.88       149
           1       0.93      0.98      0.95       149
           2       0.78      0.98      0.87       149
           3       0.89      0.64      0.74       149

   micro avg       0.87      0.87      0.87       596
   macro avg       0.87      0.87      0.86       596
weighted avg       0.87      0.87      0.86       596
=====================================================
Epoch: 65
[[130  10   1   8]
 [  3 146   0   0]
 [  0   0 147   2]
 [ 12   3  39  95]]
OA: 86%
Cohen's kappa: 0.82
              precision    recall  f1-score   support

           0       0.90      0.87      0.88       149
           1       0.92      0.98      0.95       149
           2       0.79      0.99      0.88       149
           3       0.90      0.64      0.75       149

   micro avg       0.87      0.87      0.87       596
   macro avg       0.88      0.87      0.86       596
weighted avg       0.88      0.87      0.86       596
=====================================================
Epoch: 66
[[129  10   1   9]
 [  3 146   0   0]
 [  0   0 146   3]
 [ 15   3  38  93]]
OA: 86%
Cohen's kappa: 0.81
              precision    recall  f1-score   support

           0       0.88      0.87      0.87       149
           1       0.92      0.98      0.95       149
           2       0.79      0.98      0.87       149
           3       0.89      0.62      0.73       149

   micro avg       0.86      0.86      0.86       596
   macro avg       0.87      0.86      0.86       596
weighted avg       0.87      0.86      0.86       596
=====================================================
Epoch: 67
[[132   8   1   8]
 [  5 144   0   0]
 [  0   0 147   2]
 [ 15   3  39  92]]
OA: 86%
Cohen's kappa: 0.81
              precision    recall  f1-score   support

           0       0.87      0.89      0.88       149
           1       0.93      0.97      0.95       149
           2       0.79      0.99      0.88       149
           3       0.90      0.62      0.73       149

   micro avg       0.86      0.86      0.86       596
   macro avg       0.87      0.86      0.86       596
weighted avg       0.87      0.86      0.86       596
=====================================================
Epoch: 68
[[131   9   1   8]
 [  4 145   0   0]
 [  0   0 146   3]
 [ 13   3  41  92]]
OA: 86%
Cohen's kappa: 0.81
              precision    recall  f1-score   support

           0       0.89      0.88      0.88       149
           1       0.92      0.97      0.95       149
           2       0.78      0.98      0.87       149
           3       0.89      0.62      0.73       149

   micro avg       0.86      0.86      0.86       596
   macro avg       0.87      0.86      0.86       596
weighted avg       0.87      0.86      0.86       596
=====================================================
Epoch: 69
[[131   9   1   8]
 [  3 146   0   0]
 [  0   0 146   3]
 [ 14   3  38  94]]
OA: 86%
Cohen's kappa: 0.82
              precision    recall  f1-score   support

           0       0.89      0.88      0.88       149
           1       0.92      0.98      0.95       149
           2       0.79      0.98      0.87       149
           3       0.90      0.63      0.74       149

   micro avg       0.87      0.87      0.87       596
   macro avg       0.87      0.87      0.86       596
weighted avg       0.87      0.87      0.86       596
=====================================================
Epoch: 70
[[130   8   2   9]
 [  4 145   0   0]
 [  0   0 146   3]
 [ 11   2  39  97]]
OA: 86%
Cohen's kappa: 0.82
              precision    recall  f1-score   support

           0       0.90      0.87      0.88       149
           1       0.94      0.97      0.95       149
           2       0.78      0.98      0.87       149
           3       0.89      0.65      0.75       149

   micro avg       0.87      0.87      0.87       596
   macro avg       0.88      0.87      0.86       596
weighted avg       0.88      0.87      0.86       596
=====================================================
Epoch: 71
[[128   9   2  10]
 [  3 146   0   0]
 [  0   0 145   4]
 [ 12   3  38  96]]
OA: 86%
Cohen's kappa: 0.81
              precision    recall  f1-score   support

           0       0.90      0.86      0.88       149
           1       0.92      0.98      0.95       149
           2       0.78      0.97      0.87       149
           3       0.87      0.64      0.74       149

   micro avg       0.86      0.86      0.86       596
   macro avg       0.87      0.86      0.86       596
weighted avg       0.87      0.86      0.86       596
=====================================================
Epoch: 72
[[131   9   1   8]
 [  3 146   0   0]
 [  0   0 147   2]
 [ 13   2  39  95]]
OA: 87%
Cohen's kappa: 0.82
              precision    recall  f1-score   support

           0       0.89      0.88      0.89       149
           1       0.93      0.98      0.95       149
           2       0.79      0.99      0.88       149
           3       0.90      0.64      0.75       149

   micro avg       0.87      0.87      0.87       596
   macro avg       0.88      0.87      0.87       596
weighted avg       0.88      0.87      0.87       596
=====================================================
Epoch: 73
[[130   9   2   8]
 [  4 145   0   0]
 [  0   0 148   1]
 [ 11   2  41  95]]
OA: 86%
Cohen's kappa: 0.82
              precision    recall  f1-score   support

           0       0.90      0.87      0.88       149
           1       0.93      0.97      0.95       149
           2       0.77      0.99      0.87       149
           3       0.91      0.64      0.75       149

   micro avg       0.87      0.87      0.87       596
   macro avg       0.88      0.87      0.86       596
weighted avg       0.88      0.87      0.86       596
=====================================================
Epoch: 74
[[128  10   2   9]
 [  3 146   0   0]
 [  0   0 148   1]
 [ 11   3  40  95]]
OA: 86%
Cohen's kappa: 0.82
              precision    recall  f1-score   support

           0       0.90      0.86      0.88       149
           1       0.92      0.98      0.95       149
           2       0.78      0.99      0.87       149
           3       0.90      0.64      0.75       149

   micro avg       0.87      0.87      0.87       596
   macro avg       0.88      0.87      0.86       596
weighted avg       0.88      0.87      0.86       596
=====================================================
Epoch: 75
[[130   9   2   8]
 [  3 146   0   0]
 [  0   0 146   3]
 [ 13   1  39  96]]
OA: 86%
Cohen's kappa: 0.82
              precision    recall  f1-score   support

           0       0.89      0.87      0.88       149
           1       0.94      0.98      0.96       149
           2       0.78      0.98      0.87       149
           3       0.90      0.64      0.75       149

   micro avg       0.87      0.87      0.87       596
   macro avg       0.88      0.87      0.86       596
weighted avg       0.88      0.87      0.86       596
=====================================================
Epoch: 76
[[130   9   2   8]
 [  3 146   0   0]
 [  0   0 148   1]
 [ 13   1  39  96]]
OA: 87%
Cohen's kappa: 0.82
              precision    recall  f1-score   support

           0       0.89      0.87      0.88       149
           1       0.94      0.98      0.96       149
           2       0.78      0.99      0.88       149
           3       0.91      0.64      0.76       149

   micro avg       0.87      0.87      0.87       596
   macro avg       0.88      0.87      0.87       596
weighted avg       0.88      0.87      0.87       596
=====================================================
Epoch: 77
[[130   9   2   8]
 [  4 145   0   0]
 [  0   0 148   1]
 [ 13   1  39  96]]
OA: 87%
Cohen's kappa: 0.82
              precision    recall  f1-score   support

           0       0.88      0.87      0.88       149
           1       0.94      0.97      0.95       149
           2       0.78      0.99      0.88       149
           3       0.91      0.64      0.76       149

   micro avg       0.87      0.87      0.87       596
   macro avg       0.88      0.87      0.87       596
weighted avg       0.88      0.87      0.87       596
=====================================================
Epoch: 78
[[130   9   2   8]
 [  4 145   0   0]
 [  0   0 148   1]
 [ 13   1  39  96]]
OA: 87%
Cohen's kappa: 0.82
              precision    recall  f1-score   support

           0       0.88      0.87      0.88       149
           1       0.94      0.97      0.95       149
           2       0.78      0.99      0.88       149
           3       0.91      0.64      0.76       149

   micro avg       0.87      0.87      0.87       596
   macro avg       0.88      0.87      0.87       596
weighted avg       0.88      0.87      0.87       596
=====================================================
Epoch: 79
[[129   9   2   9]
 [  3 146   0   0]
 [  0   0 148   1]
 [ 12   3  38  96]]
OA: 87%
Cohen's kappa: 0.82
              precision    recall  f1-score   support

           0       0.90      0.87      0.88       149
           1       0.92      0.98      0.95       149
           2       0.79      0.99      0.88       149
           3       0.91      0.64      0.75       149

   micro avg       0.87      0.87      0.87       596
   macro avg       0.88      0.87      0.87       596
weighted avg       0.88      0.87      0.87       596
=====================================================
Epoch: 80
[[128  10   2   9]
 [  3 146   0   0]
 [  0   0 147   2]
 [ 13   3  38  95]]
OA: 86%
Cohen's kappa: 0.82
              precision    recall  f1-score   support

           0       0.89      0.86      0.87       149
           1       0.92      0.98      0.95       149
           2       0.79      0.99      0.88       149
           3       0.90      0.64      0.75       149

   micro avg       0.87      0.87      0.87       596
   macro avg       0.87      0.87      0.86       596
weighted avg       0.87      0.87      0.86       596
=====================================================
Epoch: 81
[[131   9   1   8]
 [  4 145   0   0]
 [  0   0 148   1]
 [ 12   2  40  95]]
OA: 87%
Cohen's kappa: 0.82
              precision    recall  f1-score   support

           0       0.89      0.88      0.89       149
           1       0.93      0.97      0.95       149
           2       0.78      0.99      0.88       149
           3       0.91      0.64      0.75       149

   micro avg       0.87      0.87      0.87       596
   macro avg       0.88      0.87      0.87       596
weighted avg       0.88      0.87      0.87       596
=====================================================
Epoch: 82
[[128  10   2   9]
 [  4 145   0   0]
 [  0   0 148   1]
 [ 10   2  39  98]]
OA: 87%
Cohen's kappa: 0.82
              precision    recall  f1-score   support

           0       0.90      0.86      0.88       149
           1       0.92      0.97      0.95       149
           2       0.78      0.99      0.88       149
           3       0.91      0.66      0.76       149

   micro avg       0.87      0.87      0.87       596
   macro avg       0.88      0.87      0.87       596
weighted avg       0.88      0.87      0.87       596
=====================================================
Epoch: 83
[[130   9   2   8]
 [  4 145   0   0]
 [  0   0 147   2]
 [  9   1  41  98]]
OA: 87%
Cohen's kappa: 0.82
              precision    recall  f1-score   support

           0       0.91      0.87      0.89       149
           1       0.94      0.97      0.95       149
           2       0.77      0.99      0.87       149
           3       0.91      0.66      0.76       149

   micro avg       0.87      0.87      0.87       596
   macro avg       0.88      0.87      0.87       596
weighted avg       0.88      0.87      0.87       596
=====================================================
Epoch: 84
[[128  10   2   9]
 [  4 145   0   0]
 [  0   0 148   1]
 [  9   2  42  96]]
OA: 86%
Cohen's kappa: 0.82
              precision    recall  f1-score   support

           0       0.91      0.86      0.88       149
           1       0.92      0.97      0.95       149
           2       0.77      0.99      0.87       149
           3       0.91      0.64      0.75       149

   micro avg       0.87      0.87      0.87       596
   macro avg       0.88      0.87      0.86       596
weighted avg       0.88      0.87      0.86       596
=====================================================
Epoch: 85
[[130  10   1   8]
 [  4 145   0   0]
 [  0   0 147   2]
 [ 14   2  37  96]]
OA: 86%
Cohen's kappa: 0.82
              precision    recall  f1-score   support

           0       0.88      0.87      0.88       149
           1       0.92      0.97      0.95       149
           2       0.79      0.99      0.88       149
           3       0.91      0.64      0.75       149

   micro avg       0.87      0.87      0.87       596
   macro avg       0.88      0.87      0.86       596
weighted avg       0.88      0.87      0.86       596
=====================================================
Epoch: 86
[[131   8   2   8]
 [  5 144   0   0]
 [  0   0 148   1]
 [ 13   2  40  94]]
OA: 86%
Cohen's kappa: 0.82
              precision    recall  f1-score   support

           0       0.88      0.88      0.88       149
           1       0.94      0.97      0.95       149
           2       0.78      0.99      0.87       149
           3       0.91      0.63      0.75       149

   micro avg       0.87      0.87      0.87       596
   macro avg       0.88      0.87      0.86       596
weighted avg       0.88      0.87      0.86       596
=====================================================
Epoch: 87
[[129  10   2   8]
 [  5 144   0   0]
 [  0   0 147   2]
 [ 14   3  38  94]]
OA: 86%
Cohen's kappa: 0.81
              precision    recall  f1-score   support

           0       0.87      0.87      0.87       149
           1       0.92      0.97      0.94       149
           2       0.79      0.99      0.88       149
           3       0.90      0.63      0.74       149

   micro avg       0.86      0.86      0.86       596
   macro avg       0.87      0.86      0.86       596
weighted avg       0.87      0.86      0.86       596
=====================================================
Epoch: 88
[[127  10   2  10]
 [  4 145   0   0]
 [  0   0 148   1]
 [ 11   2  41  95]]
OA: 86%
Cohen's kappa: 0.81
              precision    recall  f1-score   support

           0       0.89      0.85      0.87       149
           1       0.92      0.97      0.95       149
           2       0.77      0.99      0.87       149
           3       0.90      0.64      0.75       149

   micro avg       0.86      0.86      0.86       596
   macro avg       0.87      0.86      0.86       596
weighted avg       0.87      0.86      0.86       596
=====================================================
Epoch: 89
[[127  10   2  10]
 [  4 145   0   0]
 [  0   0 148   1]
 [ 12   3  39  95]]
OA: 86%
Cohen's kappa: 0.81
              precision    recall  f1-score   support

           0       0.89      0.85      0.87       149
           1       0.92      0.97      0.94       149
           2       0.78      0.99      0.88       149
           3       0.90      0.64      0.75       149

   micro avg       0.86      0.86      0.86       596
   macro avg       0.87      0.86      0.86       596
weighted avg       0.87      0.86      0.86       596
=====================================================
Epoch: 90
[[130   8   2   9]
 [  4 145   0   0]
 [  0   0 148   1]
 [ 14   3  38  94]]
OA: 86%
Cohen's kappa: 0.82
              precision    recall  f1-score   support

           0       0.88      0.87      0.88       149
           1       0.93      0.97      0.95       149
           2       0.79      0.99      0.88       149
           3       0.90      0.63      0.74       149

   micro avg       0.87      0.87      0.87       596
   macro avg       0.87      0.87      0.86       596
weighted avg       0.87      0.87      0.86       596
=====================================================
Epoch: 91
[[128  10   2   9]
 [  3 146   0   0]
 [  0   0 148   1]
 [ 13   2  40  94]]
OA: 86%
Cohen's kappa: 0.82
              precision    recall  f1-score   support

           0       0.89      0.86      0.87       149
           1       0.92      0.98      0.95       149
           2       0.78      0.99      0.87       149
           3       0.90      0.63      0.74       149

   micro avg       0.87      0.87      0.87       596
   macro avg       0.87      0.87      0.86       596
weighted avg       0.87      0.87      0.86       596
=====================================================
Epoch: 92
[[128  10   2   9]
 [  4 145   0   0]
 [  0   0 148   1]
 [ 14   2  38  95]]
OA: 86%
Cohen's kappa: 0.82
              precision    recall  f1-score   support

           0       0.88      0.86      0.87       149
           1       0.92      0.97      0.95       149
           2       0.79      0.99      0.88       149
           3       0.90      0.64      0.75       149

   micro avg       0.87      0.87      0.87       596
   macro avg       0.87      0.87      0.86       596
weighted avg       0.87      0.87      0.86       596
=====================================================
Epoch: 93
[[129   9   2   9]
 [  5 144   0   0]
 [  0   0 148   1]
 [ 14   3  39  93]]
OA: 86%
Cohen's kappa: 0.81
              precision    recall  f1-score   support

           0       0.87      0.87      0.87       149
           1       0.92      0.97      0.94       149
           2       0.78      0.99      0.88       149
           3       0.90      0.62      0.74       149

   micro avg       0.86      0.86      0.86       596
   macro avg       0.87      0.86      0.86       596
weighted avg       0.87      0.86      0.86       596
=====================================================
Epoch: 94
[[130   8   2   9]
 [  5 144   0   0]
 [  0   0 148   1]
 [ 13   2  44  90]]
OA: 85%
Cohen's kappa: 0.81
              precision    recall  f1-score   support

           0       0.88      0.87      0.88       149
           1       0.94      0.97      0.95       149
           2       0.76      0.99      0.86       149
           3       0.90      0.60      0.72       149

   micro avg       0.86      0.86      0.86       596
   macro avg       0.87      0.86      0.85       596
weighted avg       0.87      0.86      0.85       596
=====================================================
Epoch: 95
[[129   9   2   9]
 [  5 144   0   0]
 [  0   0 148   1]
 [ 14   1  41  93]]
OA: 86%
Cohen's kappa: 0.81
              precision    recall  f1-score   support

           0       0.87      0.87      0.87       149
           1       0.94      0.97      0.95       149
           2       0.77      0.99      0.87       149
           3       0.90      0.62      0.74       149

   micro avg       0.86      0.86      0.86       596
   macro avg       0.87      0.86      0.86       596
weighted avg       0.87      0.86      0.86       596
=====================================================
Epoch: 96
[[129   9   2   9]
 [  5 144   0   0]
 [  0   0 148   1]
 [ 11   1  41  96]]
OA: 86%
Cohen's kappa: 0.82
              precision    recall  f1-score   support

           0       0.89      0.87      0.88       149
           1       0.94      0.97      0.95       149
           2       0.77      0.99      0.87       149
           3       0.91      0.64      0.75       149

   micro avg       0.87      0.87      0.87       596
   macro avg       0.88      0.87      0.86       596
weighted avg       0.88      0.87      0.86       596
=====================================================
Epoch: 97
[[130   9   2   8]
 [  5 144   0   0]
 [  0   0 148   1]
 [ 14   2  38  95]]
OA: 86%
Cohen's kappa: 0.82
              precision    recall  f1-score   support

           0       0.87      0.87      0.87       149
           1       0.93      0.97      0.95       149
           2       0.79      0.99      0.88       149
           3       0.91      0.64      0.75       149

   micro avg       0.87      0.87      0.87       596
   macro avg       0.88      0.87      0.86       596
weighted avg       0.88      0.87      0.86       596
=====================================================
Epoch: 98
[[127  10   2  10]
 [  4 145   0   0]
 [  0   0 148   1]
 [ 11   2  37  99]]
OA: 87%
Cohen's kappa: 0.82
              precision    recall  f1-score   support

           0       0.89      0.85      0.87       149
           1       0.92      0.97      0.95       149
           2       0.79      0.99      0.88       149
           3       0.90      0.66      0.76       149

   micro avg       0.87      0.87      0.87       596
   macro avg       0.88      0.87      0.87       596
weighted avg       0.88      0.87      0.87       596
=====================================================
Epoch: 99
[[127  10   2  10]
 [  5 144   0   0]
 [  0   0 148   1]
 [ 12   3  37  97]]
OA: 86%
Cohen's kappa: 0.82
              precision    recall  f1-score   support

           0       0.88      0.85      0.87       149
           1       0.92      0.97      0.94       149
           2       0.79      0.99      0.88       149
           3       0.90      0.65      0.75       149

   micro avg       0.87      0.87      0.87       596
   macro avg       0.87      0.87      0.86       596
weighted avg       0.87      0.87      0.86       596
=====================================================
Epoch: 100
[[129   8   2  10]
 [  7 142   0   0]
 [  0   0 148   1]
 [ 13   1  40  95]]
OA: 86%
Cohen's kappa: 0.81
              precision    recall  f1-score   support

           0       0.87      0.87      0.87       149
           1       0.94      0.95      0.95       149
           2       0.78      0.99      0.87       149
           3       0.90      0.64      0.75       149

   micro avg       0.86      0.86      0.86       596
   macro avg       0.87      0.86      0.86       596
weighted avg       0.87      0.86      0.86       596
