91534
132252
132649
68415
132835
119859
68414
118184
147604
12985
6872
127254
145427
118393
147494
96541
119304
24842
125066
119109
89716
118157
145784
119664
90650
118347
25331
89718
120498
117275
149058
120494
12986
117495
96541
30570
115371
116164
117617
132757
117521
119315
91886
116243
131815
115719
2448
115936
12990
58790
115003
28368
119658
132335
126723
66168
2329
113525
95025
114658
132814
50333
126927
145660
116873
125505
115727
117618
26607
66177
115008
93552
114994
98008
2453
114830
147542
117081
126127
94692
124585
107108
97999
123675
124585
94588
88273
148465
118675
48690
93821
91961
93540
117952
147533
93552
94138
86097
102077
114997
100044
42940
97990
117744
94279
94829
94706
93526
98008
117952
116313
94969
86102
93109
118340
68684
71134
93888
94144
124585
88293
94144
13856
148460
96061
42939
47088
115378
102055
93533
71134
96980
94753
95103
94753
70166
94143
76921
117444
132029
133599
132231
117444
117145
86122
134134
131938
107636
107331
94740
148118
132362
132702
132224
132027
107182
119888
132005
117164
109685
119441
132438
121046
132631
120941
131914
126521
132554
119957
27818
121068
116900
132544
37724
120908
132027
132013
116901
146615
116889
127269
132745
92001
86187
120220
132461
95976
132788
110090
108258
120838
131915
109685
27818
119908
125070
132812
132818
108483
120215
138017
128509
118714
131912
132393
119957
134129
147534
126575
95367
118688
47022
120023
119113
30572
93796
149064
94757
95494
95939
95440
96090
92632
116882
115695
118176
95885
132454
30572
95497
118300
119320
126575
95394
132026
93136
117436
126227
118686
117163
93147
117163
96080
94575
132732
132026
96080
118086
119902
119902
115897
119959
147342
95921
93136
95432
120023
119659
120401
118357
117436
117580
90981
120010
94911
96301
118287
94411
132280
120373
116928
95504
126355
132482
96090
147181
