=====================================================
Epoch: 1
[[20  3  1  3]
 [ 3 11  2  4]
 [ 1  5  9  6]
 [ 0  0  1 23]]
OA: 68%
Cohen's kappa: 0.57
              precision    recall  f1-score   support

           0       0.83      0.74      0.78        27
           1       0.58      0.55      0.56        20
           2       0.69      0.43      0.53        21
           3       0.64      0.96      0.77        24

   micro avg       0.68      0.68      0.68        92
   macro avg       0.69      0.67      0.66        92
weighted avg       0.70      0.68      0.67        92
=====================================================
Epoch: 2
[[21  6  0  0]
 [ 3 15  1  1]
 [ 2  8  3  8]
 [ 0  4  0 20]]
OA: 64%
Cohen's kappa: 0.51
              precision    recall  f1-score   support

           0       0.81      0.78      0.79        27
           1       0.45      0.75      0.57        20
           2       0.75      0.14      0.24        21
           3       0.69      0.83      0.75        24

   micro avg       0.64      0.64      0.64        92
   macro avg       0.68      0.63      0.59        92
weighted avg       0.69      0.64      0.61        92
=====================================================
Epoch: 3
[[22  5  0  0]
 [ 3 11  3  3]
 [ 0  5 14  2]
 [ 0  6  4 14]]
OA: 66%
Cohen's kappa: 0.55
              precision    recall  f1-score   support

           0       0.88      0.81      0.85        27
           1       0.41      0.55      0.47        20
           2       0.67      0.67      0.67        21
           3       0.74      0.58      0.65        24

   micro avg       0.66      0.66      0.66        92
   macro avg       0.67      0.65      0.66        92
weighted avg       0.69      0.66      0.67        92
=====================================================
Epoch: 4
[[20  6  0  1]
 [ 3 13  3  1]
 [ 0  5 13  3]
 [ 0  6  1 17]]
OA: 68%
Cohen's kappa: 0.58
              precision    recall  f1-score   support

           0       0.87      0.74      0.80        27
           1       0.43      0.65      0.52        20
           2       0.76      0.62      0.68        21
           3       0.77      0.71      0.74        24

   micro avg       0.68      0.68      0.68        92
   macro avg       0.71      0.68      0.69        92
weighted avg       0.73      0.68      0.70        92
=====================================================
Epoch: 5
[[26  1  0  0]
 [ 5 14  1  0]
 [ 3  5 13  0]
 [ 3  4  9  8]]
OA: 66%
Cohen's kappa: 0.54
              precision    recall  f1-score   support

           0       0.70      0.96      0.81        27
           1       0.58      0.70      0.64        20
           2       0.57      0.62      0.59        21
           3       1.00      0.33      0.50        24

   micro avg       0.66      0.66      0.66        92
   macro avg       0.71      0.65      0.63        92
weighted avg       0.72      0.66      0.64        92
=====================================================
Epoch: 6
[[26  0  0  1]
 [ 5 15  0  0]
 [ 0  3  9  9]
 [ 1  3  1 19]]
OA: 75%
Cohen's kappa: 0.66
              precision    recall  f1-score   support

           0       0.81      0.96      0.88        27
           1       0.71      0.75      0.73        20
           2       0.90      0.43      0.58        21
           3       0.66      0.79      0.72        24

   micro avg       0.75      0.75      0.75        92
   macro avg       0.77      0.73      0.73        92
weighted avg       0.77      0.75      0.74        92
=====================================================
Epoch: 7
[[21  5  1  0]
 [ 0 16  4  0]
 [ 0  3 18  0]
 [ 0  2 16  6]]
OA: 66%
Cohen's kappa: 0.55
              precision    recall  f1-score   support

           0       1.00      0.78      0.88        27
           1       0.62      0.80      0.70        20
           2       0.46      0.86      0.60        21
           3       1.00      0.25      0.40        24

   micro avg       0.66      0.66      0.66        92
   macro avg       0.77      0.67      0.64        92
weighted avg       0.79      0.66      0.65        92
=====================================================
Epoch: 8
[[22  2  0  3]
 [ 3 11  2  4]
 [ 0  3 14  4]
 [ 0  0  1 23]]
OA: 76%
Cohen's kappa: 0.67
              precision    recall  f1-score   support

           0       0.88      0.81      0.85        27
           1       0.69      0.55      0.61        20
           2       0.82      0.67      0.74        21
           3       0.68      0.96      0.79        24

   micro avg       0.76      0.76      0.76        92
   macro avg       0.77      0.75      0.75        92
weighted avg       0.77      0.76      0.76        92
=====================================================
Epoch: 9
[[21  6  0  0]
 [ 2 14  4  0]
 [ 0  3 17  1]
 [ 0  2  8 14]]
OA: 71%
Cohen's kappa: 0.62
              precision    recall  f1-score   support

           0       0.91      0.78      0.84        27
           1       0.56      0.70      0.62        20
           2       0.59      0.81      0.68        21
           3       0.93      0.58      0.72        24

   micro avg       0.72      0.72      0.72        92
   macro avg       0.75      0.72      0.72        92
weighted avg       0.77      0.72      0.72        92
=====================================================
Epoch: 10
[[20  5  0  2]
 [ 1 18  1  0]
 [ 0  6  8  7]
 [ 0  4  1 19]]
OA: 70%
Cohen's kappa: 0.6
              precision    recall  f1-score   support

           0       0.95      0.74      0.83        27
           1       0.55      0.90      0.68        20
           2       0.80      0.38      0.52        21
           3       0.68      0.79      0.73        24

   micro avg       0.71      0.71      0.71        92
   macro avg       0.74      0.70      0.69        92
weighted avg       0.76      0.71      0.70        92
=====================================================
Epoch: 11
[[26  1  0  0]
 [ 3 15  2  0]
 [ 0  1 19  1]
 [ 0  2  7 15]]
OA: 81%
Cohen's kappa: 0.75
              precision    recall  f1-score   support

           0       0.90      0.96      0.93        27
           1       0.79      0.75      0.77        20
           2       0.68      0.90      0.78        21
           3       0.94      0.62      0.75        24

   micro avg       0.82      0.82      0.82        92
   macro avg       0.83      0.81      0.81        92
weighted avg       0.83      0.82      0.81        92
=====================================================
Epoch: 12
[[10 15  0  2]
 [ 0 19  1  0]
 [ 0  4 16  1]
 [ 0  4  4 16]]
OA: 66%
Cohen's kappa: 0.55
              precision    recall  f1-score   support

           0       1.00      0.37      0.54        27
           1       0.45      0.95      0.61        20
           2       0.76      0.76      0.76        21
           3       0.84      0.67      0.74        24

   micro avg       0.66      0.66      0.66        92
   macro avg       0.76      0.69      0.66        92
weighted avg       0.79      0.66      0.66        92
=====================================================
Epoch: 13
[[26  0  0  1]
 [ 4 14  2  0]
 [ 1  1 11  8]
 [ 1  0  0 23]]
OA: 80%
Cohen's kappa: 0.73
              precision    recall  f1-score   support

           0       0.81      0.96      0.88        27
           1       0.93      0.70      0.80        20
           2       0.85      0.52      0.65        21
           3       0.72      0.96      0.82        24

   micro avg       0.80      0.80      0.80        92
   macro avg       0.83      0.79      0.79        92
weighted avg       0.82      0.80      0.79        92
=====================================================
Epoch: 14
[[22  5  0  0]
 [ 2 16  1  1]
 [ 2  3  8  8]
 [ 2  2  0 20]]
OA: 71%
Cohen's kappa: 0.62
              precision    recall  f1-score   support

           0       0.79      0.81      0.80        27
           1       0.62      0.80      0.70        20
           2       0.89      0.38      0.53        21
           3       0.69      0.83      0.75        24

   micro avg       0.72      0.72      0.72        92
   macro avg       0.74      0.71      0.70        92
weighted avg       0.75      0.72      0.70        92
=====================================================
Epoch: 15
[[20  5  0  2]
 [ 0 18  0  2]
 [ 0  4  7 10]
 [ 0  2  1 21]]
OA: 71%
Cohen's kappa: 0.62
              precision    recall  f1-score   support

           0       1.00      0.74      0.85        27
           1       0.62      0.90      0.73        20
           2       0.88      0.33      0.48        21
           3       0.60      0.88      0.71        24

   micro avg       0.72      0.72      0.72        92
   macro avg       0.77      0.71      0.70        92
weighted avg       0.78      0.72      0.71        92
=====================================================
Epoch: 16
[[24  3  0  0]
 [ 3 17  0  0]
 [ 0  6  9  6]
 [ 4  1  0 19]]
OA: 75%
Cohen's kappa: 0.66
              precision    recall  f1-score   support

           0       0.77      0.89      0.83        27
           1       0.63      0.85      0.72        20
           2       1.00      0.43      0.60        21
           3       0.76      0.79      0.78        24

   micro avg       0.75      0.75      0.75        92
   macro avg       0.79      0.74      0.73        92
weighted avg       0.79      0.75      0.74        92
=====================================================
Epoch: 17
[[27  0  0  0]
 [ 3 15  1  1]
 [ 2  3 15  1]
 [ 2  0  5 17]]
OA: 80%
Cohen's kappa: 0.73
              precision    recall  f1-score   support

           0       0.79      1.00      0.89        27
           1       0.83      0.75      0.79        20
           2       0.71      0.71      0.71        21
           3       0.89      0.71      0.79        24

   micro avg       0.80      0.80      0.80        92
   macro avg       0.81      0.79      0.79        92
weighted avg       0.81      0.80      0.80        92
=====================================================
Epoch: 18
[[21  5  0  1]
 [ 0 16  3  1]
 [ 0  1 18  2]
 [ 0  4  5 15]]
OA: 76%
Cohen's kappa: 0.68
              precision    recall  f1-score   support

           0       1.00      0.78      0.88        27
           1       0.62      0.80      0.70        20
           2       0.69      0.86      0.77        21
           3       0.79      0.62      0.70        24

   micro avg       0.76      0.76      0.76        92
   macro avg       0.77      0.76      0.76        92
weighted avg       0.79      0.76      0.76        92
=====================================================
Epoch: 19
[[19  4  2  2]
 [ 0 17  2  1]
 [ 0  2 14  5]
 [ 0  1  0 23]]
OA: 79%
Cohen's kappa: 0.72
              precision    recall  f1-score   support

           0       1.00      0.70      0.83        27
           1       0.71      0.85      0.77        20
           2       0.78      0.67      0.72        21
           3       0.74      0.96      0.84        24

   micro avg       0.79      0.79      0.79        92
   macro avg       0.81      0.79      0.79        92
weighted avg       0.82      0.79      0.79        92
=====================================================
Epoch: 20
[[18  9  0  0]
 [ 0 19  1  0]
 [ 0  1 20  0]
 [ 0  5 10  9]]
OA: 71%
Cohen's kappa: 0.62
              precision    recall  f1-score   support

           0       1.00      0.67      0.80        27
           1       0.56      0.95      0.70        20
           2       0.65      0.95      0.77        21
           3       1.00      0.38      0.55        24

   micro avg       0.72      0.72      0.72        92
   macro avg       0.80      0.74      0.70        92
weighted avg       0.82      0.72      0.71        92
=====================================================
Epoch: 21
[[24  3  0  0]
 [ 3 17  0  0]
 [ 1  3 16  1]
 [ 0  5  6 13]]
OA: 76%
Cohen's kappa: 0.68
              precision    recall  f1-score   support

           0       0.86      0.89      0.87        27
           1       0.61      0.85      0.71        20
           2       0.73      0.76      0.74        21
           3       0.93      0.54      0.68        24

   micro avg       0.76      0.76      0.76        92
   macro avg       0.78      0.76      0.75        92
weighted avg       0.79      0.76      0.76        92
=====================================================
Epoch: 22
[[26  0  0  1]
 [ 3 15  2  0]
 [ 0  1 13  7]
 [ 0  2  1 21]]
OA: 81%
Cohen's kappa: 0.75
              precision    recall  f1-score   support

           0       0.90      0.96      0.93        27
           1       0.83      0.75      0.79        20
           2       0.81      0.62      0.70        21
           3       0.72      0.88      0.79        24

   micro avg       0.82      0.82      0.82        92
   macro avg       0.82      0.80      0.80        92
weighted avg       0.82      0.82      0.81        92
=====================================================
Epoch: 23
[[20  7  0  0]
 [ 0 18  2  0]
 [ 0  2 16  3]
 [ 0  1  1 22]]
OA: 82%
Cohen's kappa: 0.76
              precision    recall  f1-score   support

           0       1.00      0.74      0.85        27
           1       0.64      0.90      0.75        20
           2       0.84      0.76      0.80        21
           3       0.88      0.92      0.90        24

   micro avg       0.83      0.83      0.83        92
   macro avg       0.84      0.83      0.82        92
weighted avg       0.86      0.83      0.83        92
=====================================================
Epoch: 24
[[21  6  0  0]
 [ 0 19  1  0]
 [ 0  2 13  6]
 [ 0  1  1 22]]
OA: 81%
Cohen's kappa: 0.75
              precision    recall  f1-score   support

           0       1.00      0.78      0.88        27
           1       0.68      0.95      0.79        20
           2       0.87      0.62      0.72        21
           3       0.79      0.92      0.85        24

   micro avg       0.82      0.82      0.82        92
   macro avg       0.83      0.82      0.81        92
weighted avg       0.84      0.82      0.81        92
=====================================================
Epoch: 25
[[27  0  0  0]
 [ 4 14  2  0]
 [ 0  2 17  2]
 [ 0  0  3 21]]
OA: 85%
Cohen's kappa: 0.8
              precision    recall  f1-score   support

           0       0.87      1.00      0.93        27
           1       0.88      0.70      0.78        20
           2       0.77      0.81      0.79        21
           3       0.91      0.88      0.89        24

   micro avg       0.86      0.86      0.86        92
   macro avg       0.86      0.85      0.85        92
weighted avg       0.86      0.86      0.86        92
=====================================================
Epoch: 26
[[23  4  0  0]
 [ 2 16  2  0]
 [ 0  3 18  0]
 [ 0  1  4 19]]
OA: 82%
Cohen's kappa: 0.76
              precision    recall  f1-score   support

           0       0.92      0.85      0.88        27
           1       0.67      0.80      0.73        20
           2       0.75      0.86      0.80        21
           3       1.00      0.79      0.88        24

   micro avg       0.83      0.83      0.83        92
   macro avg       0.83      0.83      0.82        92
weighted avg       0.85      0.83      0.83        92
=====================================================
Epoch: 27
[[20  5  1  1]
 [ 1 12  7  0]
 [ 0  1 17  3]
 [ 0  1  4 19]]
OA: 73%
Cohen's kappa: 0.65
              precision    recall  f1-score   support

           0       0.95      0.74      0.83        27
           1       0.63      0.60      0.62        20
           2       0.59      0.81      0.68        21
           3       0.83      0.79      0.81        24

   micro avg       0.74      0.74      0.74        92
   macro avg       0.75      0.74      0.73        92
weighted avg       0.77      0.74      0.74        92
=====================================================
Epoch: 28
[[22  4  1  0]
 [ 1 16  3  0]
 [ 0  1 17  3]
 [ 0  4  0 20]]
OA: 81%
Cohen's kappa: 0.75
              precision    recall  f1-score   support

           0       0.96      0.81      0.88        27
           1       0.64      0.80      0.71        20
           2       0.81      0.81      0.81        21
           3       0.87      0.83      0.85        24

   micro avg       0.82      0.82      0.82        92
   macro avg       0.82      0.81      0.81        92
weighted avg       0.83      0.82      0.82        92
=====================================================
Epoch: 29
[[20  7  0  0]
 [ 2 16  2  0]
 [ 0  4 17  0]
 [ 0  3  5 16]]
OA: 75%
Cohen's kappa: 0.66
              precision    recall  f1-score   support

           0       0.91      0.74      0.82        27
           1       0.53      0.80      0.64        20
           2       0.71      0.81      0.76        21
           3       1.00      0.67      0.80        24

   micro avg       0.75      0.75      0.75        92
   macro avg       0.79      0.75      0.75        92
weighted avg       0.81      0.75      0.76        92
=====================================================
Epoch: 30
[[20  6  0  1]
 [ 0 16  4  0]
 [ 0  4 17  0]
 [ 0  0  7 17]]
OA: 76%
Cohen's kappa: 0.68
              precision    recall  f1-score   support

           0       1.00      0.74      0.85        27
           1       0.62      0.80      0.70        20
           2       0.61      0.81      0.69        21
           3       0.94      0.71      0.81        24

   micro avg       0.76      0.76      0.76        92
   macro avg       0.79      0.76      0.76        92
weighted avg       0.81      0.76      0.77        92
=====================================================
Epoch: 31
[[24  1  0  2]
 [ 2 14  4  0]
 [ 0  3 16  2]
 [ 0  2  2 20]]
OA: 80%
Cohen's kappa: 0.73
              precision    recall  f1-score   support

           0       0.92      0.89      0.91        27
           1       0.70      0.70      0.70        20
           2       0.73      0.76      0.74        21
           3       0.83      0.83      0.83        24

   micro avg       0.80      0.80      0.80        92
   macro avg       0.80      0.80      0.80        92
weighted avg       0.81      0.80      0.81        92
=====================================================
Epoch: 32
[[20  7  0  0]
 [ 0 20  0  0]
 [ 0  5 16  0]
 [ 0  6  2 16]]
OA: 78%
Cohen's kappa: 0.71
              precision    recall  f1-score   support

           0       1.00      0.74      0.85        27
           1       0.53      1.00      0.69        20
           2       0.89      0.76      0.82        21
           3       1.00      0.67      0.80        24

   micro avg       0.78      0.78      0.78        92
   macro avg       0.85      0.79      0.79        92
weighted avg       0.87      0.78      0.80        92
=====================================================
Epoch: 33
[[22  5  0  0]
 [ 1 18  1  0]
 [ 0  4 16  1]
 [ 0  1  3 20]]
OA: 82%
Cohen's kappa: 0.76
              precision    recall  f1-score   support

           0       0.96      0.81      0.88        27
           1       0.64      0.90      0.75        20
           2       0.80      0.76      0.78        21
           3       0.95      0.83      0.89        24

   micro avg       0.83      0.83      0.83        92
   macro avg       0.84      0.83      0.82        92
weighted avg       0.85      0.83      0.83        92
=====================================================
Epoch: 34
[[23  3  1  0]
 [ 2 13  5  0]
 [ 0  1 20  0]
 [ 0  3  5 16]]
OA: 78%
Cohen's kappa: 0.71
              precision    recall  f1-score   support

           0       0.92      0.85      0.88        27
           1       0.65      0.65      0.65        20
           2       0.65      0.95      0.77        21
           3       1.00      0.67      0.80        24

   micro avg       0.78      0.78      0.78        92
   macro avg       0.80      0.78      0.78        92
weighted avg       0.82      0.78      0.79        92
=====================================================
Epoch: 35
[[24  3  0  0]
 [ 1 17  2  0]
 [ 0  4 17  0]
 [ 0  2  1 21]]
OA: 85%
Cohen's kappa: 0.81
              precision    recall  f1-score   support

           0       0.96      0.89      0.92        27
           1       0.65      0.85      0.74        20
           2       0.85      0.81      0.83        21
           3       1.00      0.88      0.93        24

   micro avg       0.86      0.86      0.86        92
   macro avg       0.87      0.86      0.86        92
weighted avg       0.88      0.86      0.86        92
=====================================================
Epoch: 36
[[21  4  0  2]
 [ 0 15  5  0]
 [ 0  4 16  1]
 [ 0  0  1 23]]
OA: 81%
Cohen's kappa: 0.75
              precision    recall  f1-score   support

           0       1.00      0.78      0.88        27
           1       0.65      0.75      0.70        20
           2       0.73      0.76      0.74        21
           3       0.88      0.96      0.92        24

   micro avg       0.82      0.82      0.82        92
   macro avg       0.82      0.81      0.81        92
weighted avg       0.83      0.82      0.82        92
=====================================================
Epoch: 37
[[27  0  0  0]
 [ 2 17  1  0]
 [ 0  5 16  0]
 [ 3  0  3 18]]
OA: 84%
Cohen's kappa: 0.79
              precision    recall  f1-score   support

           0       0.84      1.00      0.92        27
           1       0.77      0.85      0.81        20
           2       0.80      0.76      0.78        21
           3       1.00      0.75      0.86        24

   micro avg       0.85      0.85      0.85        92
   macro avg       0.85      0.84      0.84        92
weighted avg       0.86      0.85      0.85        92
=====================================================
Epoch: 38
[[21  6  0  0]
 [ 1 15  4  0]
 [ 0  1 20  0]
 [ 0  1  3 20]]
OA: 82%
Cohen's kappa: 0.76
              precision    recall  f1-score   support

           0       0.95      0.78      0.86        27
           1       0.65      0.75      0.70        20
           2       0.74      0.95      0.83        21
           3       1.00      0.83      0.91        24

   micro avg       0.83      0.83      0.83        92
   macro avg       0.84      0.83      0.82        92
weighted avg       0.85      0.83      0.83        92
=====================================================
Epoch: 39
[[23  4  0  0]
 [ 1 19  0  0]
 [ 0  4 17  0]
 [ 0 10  2 12]]
OA: 77%
Cohen's kappa: 0.69
              precision    recall  f1-score   support

           0       0.96      0.85      0.90        27
           1       0.51      0.95      0.67        20
           2       0.89      0.81      0.85        21
           3       1.00      0.50      0.67        24

   micro avg       0.77      0.77      0.77        92
   macro avg       0.84      0.78      0.77        92
weighted avg       0.86      0.77      0.78        92
=====================================================
Epoch: 40
[[24  2  0  1]
 [ 2 18  0  0]
 [ 0  5 16  0]
 [ 0  3  3 18]]
OA: 82%
Cohen's kappa: 0.76
              precision    recall  f1-score   support

           0       0.92      0.89      0.91        27
           1       0.64      0.90      0.75        20
           2       0.84      0.76      0.80        21
           3       0.95      0.75      0.84        24

   micro avg       0.83      0.83      0.83        92
   macro avg       0.84      0.83      0.82        92
weighted avg       0.85      0.83      0.83        92
=====================================================
Epoch: 41
[[22  5  0  0]
 [ 1 18  1  0]
 [ 0  5 16  0]
 [ 0  4  5 15]]
OA: 77%
Cohen's kappa: 0.69
              precision    recall  f1-score   support

           0       0.96      0.81      0.88        27
           1       0.56      0.90      0.69        20
           2       0.73      0.76      0.74        21
           3       1.00      0.62      0.77        24

   micro avg       0.77      0.77      0.77        92
   macro avg       0.81      0.78      0.77        92
weighted avg       0.83      0.77      0.78        92
=====================================================
Epoch: 42
[[25  0  1  1]
 [ 2 13  5  0]
 [ 0  2 19  0]
 [ 2  0  2 20]]
OA: 83%
Cohen's kappa: 0.78
              precision    recall  f1-score   support

           0       0.86      0.93      0.89        27
           1       0.87      0.65      0.74        20
           2       0.70      0.90      0.79        21
           3       0.95      0.83      0.89        24

   micro avg       0.84      0.84      0.84        92
   macro avg       0.85      0.83      0.83        92
weighted avg       0.85      0.84      0.84        92
=====================================================
Epoch: 43
[[22  2  1  2]
 [ 1 17  2  0]
 [ 0  2 19  0]
 [ 0  1  5 18]]
OA: 82%
Cohen's kappa: 0.76
              precision    recall  f1-score   support

           0       0.96      0.81      0.88        27
           1       0.77      0.85      0.81        20
           2       0.70      0.90      0.79        21
           3       0.90      0.75      0.82        24

   micro avg       0.83      0.83      0.83        92
   macro avg       0.83      0.83      0.82        92
weighted avg       0.84      0.83      0.83        92
=====================================================
Epoch: 44
[[24  2  1  0]
 [ 1 16  3  0]
 [ 0  3 18  0]
 [ 0  1  3 20]]
OA: 84%
Cohen's kappa: 0.79
              precision    recall  f1-score   support

           0       0.96      0.89      0.92        27
           1       0.73      0.80      0.76        20
           2       0.72      0.86      0.78        21
           3       1.00      0.83      0.91        24

   micro avg       0.85      0.85      0.85        92
   macro avg       0.85      0.84      0.84        92
weighted avg       0.87      0.85      0.85        92
=====================================================
Epoch: 45
[[23  3  0  1]
 [ 1 17  2  0]
 [ 0  1 20  0]
 [ 0  0  1 23]]
OA: 90%
Cohen's kappa: 0.86
              precision    recall  f1-score   support

           0       0.96      0.85      0.90        27
           1       0.81      0.85      0.83        20
           2       0.87      0.95      0.91        21
           3       0.96      0.96      0.96        24

   micro avg       0.90      0.90      0.90        92
   macro avg       0.90      0.90      0.90        92
weighted avg       0.91      0.90      0.90        92
=====================================================
Epoch: 46
[[24  2  1  0]
 [ 1 17  2  0]
 [ 0  3 18  0]
 [ 1  2  8 13]]
OA: 78%
Cohen's kappa: 0.71
              precision    recall  f1-score   support

           0       0.92      0.89      0.91        27
           1       0.71      0.85      0.77        20
           2       0.62      0.86      0.72        21
           3       1.00      0.54      0.70        24

   micro avg       0.78      0.78      0.78        92
   macro avg       0.81      0.78      0.78        92
weighted avg       0.83      0.78      0.78        92
=====================================================
Epoch: 47
[[20  6  0  1]
 [ 1 14  5  0]
 [ 0  1 20  0]
 [ 0  0  6 18]]
OA: 78%
Cohen's kappa: 0.71
              precision    recall  f1-score   support

           0       0.95      0.74      0.83        27
           1       0.67      0.70      0.68        20
           2       0.65      0.95      0.77        21
           3       0.95      0.75      0.84        24

   micro avg       0.78      0.78      0.78        92
   macro avg       0.80      0.79      0.78        92
weighted avg       0.82      0.78      0.79        92
=====================================================
Epoch: 48
[[23  4  0  0]
 [ 1 16  3  0]
 [ 0  1 20  0]
 [ 1  2  2 19]]
OA: 84%
Cohen's kappa: 0.79
              precision    recall  f1-score   support

           0       0.92      0.85      0.88        27
           1       0.70      0.80      0.74        20
           2       0.80      0.95      0.87        21
           3       1.00      0.79      0.88        24

   micro avg       0.85      0.85      0.85        92
   macro avg       0.85      0.85      0.85        92
weighted avg       0.86      0.85      0.85        92
=====================================================
Epoch: 49
[[24  3  0  0]
 [ 1 15  4  0]
 [ 0  1 20  0]
 [ 0  0  4 20]]
OA: 85%
Cohen's kappa: 0.81
              precision    recall  f1-score   support

           0       0.96      0.89      0.92        27
           1       0.79      0.75      0.77        20
           2       0.71      0.95      0.82        21
           3       1.00      0.83      0.91        24

   micro avg       0.86      0.86      0.86        92
   macro avg       0.87      0.86      0.85        92
weighted avg       0.88      0.86      0.86        92
=====================================================
Epoch: 50
[[20  7  0  0]
 [ 1 17  2  0]
 [ 0  2 19  0]
 [ 0  1  5 18]]
OA: 80%
Cohen's kappa: 0.74
              precision    recall  f1-score   support

           0       0.95      0.74      0.83        27
           1       0.63      0.85      0.72        20
           2       0.73      0.90      0.81        21
           3       1.00      0.75      0.86        24

   micro avg       0.80      0.80      0.80        92
   macro avg       0.83      0.81      0.81        92
weighted avg       0.84      0.80      0.81        92
=====================================================
Epoch: 51
[[21  6  0  0]
 [ 1 18  1  0]
 [ 0  4 17  0]
 [ 0  1  1 22]]
OA: 84%
Cohen's kappa: 0.79
              precision    recall  f1-score   support

           0       0.95      0.78      0.86        27
           1       0.62      0.90      0.73        20
           2       0.89      0.81      0.85        21
           3       1.00      0.92      0.96        24

   micro avg       0.85      0.85      0.85        92
   macro avg       0.87      0.85      0.85        92
weighted avg       0.88      0.85      0.85        92
=====================================================
Epoch: 52
[[20  7  0  0]
 [ 1 17  2  0]
 [ 0  3 18  0]
 [ 0  0  5 19]]
OA: 80%
Cohen's kappa: 0.74
              precision    recall  f1-score   support

           0       0.95      0.74      0.83        27
           1       0.63      0.85      0.72        20
           2       0.72      0.86      0.78        21
           3       1.00      0.79      0.88        24

   micro avg       0.80      0.80      0.80        92
   macro avg       0.83      0.81      0.81        92
weighted avg       0.84      0.80      0.81        92
=====================================================
Epoch: 53
[[21  5  1  0]
 [ 1 15  4  0]
 [ 0  1 20  0]
 [ 0  0  3 21]]
OA: 83%
Cohen's kappa: 0.78
              precision    recall  f1-score   support

           0       0.95      0.78      0.86        27
           1       0.71      0.75      0.73        20
           2       0.71      0.95      0.82        21
           3       1.00      0.88      0.93        24

   micro avg       0.84      0.84      0.84        92
   macro avg       0.85      0.84      0.83        92
weighted avg       0.86      0.84      0.84        92
=====================================================
Epoch: 54
[[22  4  1  0]
 [ 1 14  5  0]
 [ 0  1 20  0]
 [ 0  0  5 19]]
OA: 81%
Cohen's kappa: 0.75
              precision    recall  f1-score   support

           0       0.96      0.81      0.88        27
           1       0.74      0.70      0.72        20
           2       0.65      0.95      0.77        21
           3       1.00      0.79      0.88        24

   micro avg       0.82      0.82      0.82        92
   macro avg       0.83      0.81      0.81        92
weighted avg       0.85      0.82      0.82        92
=====================================================
Epoch: 55
[[21  5  1  0]
 [ 1 16  3  0]
 [ 0  3 18  0]
 [ 0  1  3 20]]
OA: 81%
Cohen's kappa: 0.75
              precision    recall  f1-score   support

           0       0.95      0.78      0.86        27
           1       0.64      0.80      0.71        20
           2       0.72      0.86      0.78        21
           3       1.00      0.83      0.91        24

   micro avg       0.82      0.82      0.82        92
   macro avg       0.83      0.82      0.81        92
weighted avg       0.84      0.82      0.82        92
=====================================================
Epoch: 56
[[19  7  1  0]
 [ 1 17  2  0]
 [ 0  1 19  1]
 [ 0  7  1 16]]
OA: 77%
Cohen's kappa: 0.69
              precision    recall  f1-score   support

           0       0.95      0.70      0.81        27
           1       0.53      0.85      0.65        20
           2       0.83      0.90      0.86        21
           3       0.94      0.67      0.78        24

   micro avg       0.77      0.77      0.77        92
   macro avg       0.81      0.78      0.78        92
weighted avg       0.83      0.77      0.78        92
=====================================================
Epoch: 57
[[18  7  1  1]
 [ 1 15  4  0]
 [ 0  1 19  1]
 [ 0  1  2 21]]
OA: 79%
Cohen's kappa: 0.72
              precision    recall  f1-score   support

           0       0.95      0.67      0.78        27
           1       0.62      0.75      0.68        20
           2       0.73      0.90      0.81        21
           3       0.91      0.88      0.89        24

   micro avg       0.79      0.79      0.79        92
   macro avg       0.80      0.80      0.79        92
weighted avg       0.82      0.79      0.80        92
=====================================================
Epoch: 58
[[19  7  0  1]
 [ 0 16  3  1]
 [ 0  1 15  5]
 [ 0  0  0 24]]
OA: 80%
Cohen's kappa: 0.73
              precision    recall  f1-score   support

           0       1.00      0.70      0.83        27
           1       0.67      0.80      0.73        20
           2       0.83      0.71      0.77        21
           3       0.77      1.00      0.87        24

   micro avg       0.80      0.80      0.80        92
   macro avg       0.82      0.80      0.80        92
weighted avg       0.83      0.80      0.80        92
=====================================================
Epoch: 59
[[24  2  1  0]
 [ 1 16  3  0]
 [ 0  1 20  0]
 [ 1  2  6 15]]
OA: 81%
Cohen's kappa: 0.75
              precision    recall  f1-score   support

           0       0.92      0.89      0.91        27
           1       0.76      0.80      0.78        20
           2       0.67      0.95      0.78        21
           3       1.00      0.62      0.77        24

   micro avg       0.82      0.82      0.82        92
   macro avg       0.84      0.82      0.81        92
weighted avg       0.85      0.82      0.82        92
=====================================================
Epoch: 60
[[25  0  1  1]
 [ 1 15  4  0]
 [ 0  1 19  1]
 [ 0  0  3 21]]
OA: 86%
Cohen's kappa: 0.82
              precision    recall  f1-score   support

           0       0.96      0.93      0.94        27
           1       0.94      0.75      0.83        20
           2       0.70      0.90      0.79        21
           3       0.91      0.88      0.89        24

   micro avg       0.87      0.87      0.87        92
   macro avg       0.88      0.86      0.87        92
weighted avg       0.88      0.87      0.87        92
=====================================================
Epoch: 61
[[25  1  1  0]
 [ 1 15  4  0]
 [ 0  1 18  2]
 [ 0  1  2 21]]
OA: 85%
Cohen's kappa: 0.81
              precision    recall  f1-score   support

           0       0.96      0.93      0.94        27
           1       0.83      0.75      0.79        20
           2       0.72      0.86      0.78        21
           3       0.91      0.88      0.89        24

   micro avg       0.86      0.86      0.86        92
   macro avg       0.86      0.85      0.85        92
weighted avg       0.87      0.86      0.86        92
=====================================================
Epoch: 62
[[24  2  1  0]
 [ 3 11  6  0]
 [ 0  1 18  2]
 [ 0  1  1 22]]
OA: 81%
Cohen's kappa: 0.75
              precision    recall  f1-score   support

           0       0.89      0.89      0.89        27
           1       0.73      0.55      0.63        20
           2       0.69      0.86      0.77        21
           3       0.92      0.92      0.92        24

   micro avg       0.82      0.82      0.82        92
   macro avg       0.81      0.80      0.80        92
weighted avg       0.82      0.82      0.81        92
=====================================================
Epoch: 63
[[23  1  1  2]
 [ 1 17  2  0]
 [ 0  4 15  2]
 [ 0  1  1 22]]
OA: 83%
Cohen's kappa: 0.78
              precision    recall  f1-score   support

           0       0.96      0.85      0.90        27
           1       0.74      0.85      0.79        20
           2       0.79      0.71      0.75        21
           3       0.85      0.92      0.88        24

   micro avg       0.84      0.84      0.84        92
   macro avg       0.83      0.83      0.83        92
weighted avg       0.84      0.84      0.84        92
=====================================================
Epoch: 64
[[21  4  1  1]
 [ 1 15  4  0]
 [ 0  1 20  0]
 [ 0  2  1 21]]
OA: 83%
Cohen's kappa: 0.78
              precision    recall  f1-score   support

           0       0.95      0.78      0.86        27
           1       0.68      0.75      0.71        20
           2       0.77      0.95      0.85        21
           3       0.95      0.88      0.91        24

   micro avg       0.84      0.84      0.84        92
   macro avg       0.84      0.84      0.83        92
weighted avg       0.85      0.84      0.84        92
=====================================================
Epoch: 65
[[21  4  1  1]
 [ 1 17  2  0]
 [ 0  1 19  1]
 [ 0  1  2 21]]
OA: 84%
Cohen's kappa: 0.79
              precision    recall  f1-score   support

           0       0.95      0.78      0.86        27
           1       0.74      0.85      0.79        20
           2       0.79      0.90      0.84        21
           3       0.91      0.88      0.89        24

   micro avg       0.85      0.85      0.85        92
   macro avg       0.85      0.85      0.85        92
weighted avg       0.86      0.85      0.85        92
=====================================================
Epoch: 66
[[24  2  1  0]
 [ 1 15  4  0]
 [ 0  1 19  1]
 [ 1  2  1 20]]
OA: 84%
Cohen's kappa: 0.79
              precision    recall  f1-score   support

           0       0.92      0.89      0.91        27
           1       0.75      0.75      0.75        20
           2       0.76      0.90      0.83        21
           3       0.95      0.83      0.89        24

   micro avg       0.85      0.85      0.85        92
   macro avg       0.85      0.84      0.84        92
weighted avg       0.86      0.85      0.85        92
=====================================================
Epoch: 67
[[24  2  1  0]
 [ 1 16  3  0]
 [ 0  2 18  1]
 [ 0  0  3 21]]
OA: 85%
Cohen's kappa: 0.81
              precision    recall  f1-score   support

           0       0.96      0.89      0.92        27
           1       0.80      0.80      0.80        20
           2       0.72      0.86      0.78        21
           3       0.95      0.88      0.91        24

   micro avg       0.86      0.86      0.86        92
   macro avg       0.86      0.86      0.85        92
weighted avg       0.87      0.86      0.86        92
=====================================================
Epoch: 68
[[23  3  1  0]
 [ 1 15  4  0]
 [ 0  1 20  0]
 [ 0  1  4 19]]
OA: 83%
Cohen's kappa: 0.78
              precision    recall  f1-score   support

           0       0.96      0.85      0.90        27
           1       0.75      0.75      0.75        20
           2       0.69      0.95      0.80        21
           3       1.00      0.79      0.88        24

   micro avg       0.84      0.84      0.84        92
   macro avg       0.85      0.84      0.83        92
weighted avg       0.86      0.84      0.84        92
=====================================================
Epoch: 69
[[19  7  1  0]
 [ 1 17  2  0]
 [ 0  1 20  0]
 [ 0  3  1 20]]
OA: 82%
Cohen's kappa: 0.76
              precision    recall  f1-score   support

           0       0.95      0.70      0.81        27
           1       0.61      0.85      0.71        20
           2       0.83      0.95      0.89        21
           3       1.00      0.83      0.91        24

   micro avg       0.83      0.83      0.83        92
   macro avg       0.85      0.83      0.83        92
weighted avg       0.86      0.83      0.83        92
=====================================================
Epoch: 70
[[22  4  1  0]
 [ 1 17  2  0]
 [ 0  1 20  0]
 [ 0  1  4 19]]
OA: 84%
Cohen's kappa: 0.79
              precision    recall  f1-score   support

           0       0.96      0.81      0.88        27
           1       0.74      0.85      0.79        20
           2       0.74      0.95      0.83        21
           3       1.00      0.79      0.88        24

   micro avg       0.85      0.85      0.85        92
   macro avg       0.86      0.85      0.85        92
weighted avg       0.87      0.85      0.85        92
=====================================================
Epoch: 71
[[25  1  1  0]
 [ 1 15  4  0]
 [ 0  2 19  0]
 [ 0  2  5 17]]
OA: 82%
Cohen's kappa: 0.76
              precision    recall  f1-score   support

           0       0.96      0.93      0.94        27
           1       0.75      0.75      0.75        20
           2       0.66      0.90      0.76        21
           3       1.00      0.71      0.83        24

   micro avg       0.83      0.83      0.83        92
   macro avg       0.84      0.82      0.82        92
weighted avg       0.86      0.83      0.83        92
=====================================================
Epoch: 72
[[24  2  1  0]
 [ 1 17  2  0]
 [ 0  3 18  0]
 [ 1  1  4 18]]
OA: 83%
Cohen's kappa: 0.78
              precision    recall  f1-score   support

           0       0.92      0.89      0.91        27
           1       0.74      0.85      0.79        20
           2       0.72      0.86      0.78        21
           3       1.00      0.75      0.86        24

   micro avg       0.84      0.84      0.84        92
   macro avg       0.85      0.84      0.83        92
weighted avg       0.86      0.84      0.84        92
=====================================================
Epoch: 73
[[21  4  1  1]
 [ 1 18  1  0]
 [ 0  1 19  1]
 [ 0  0  2 22]]
OA: 86%
Cohen's kappa: 0.82
              precision    recall  f1-score   support

           0       0.95      0.78      0.86        27
           1       0.78      0.90      0.84        20
           2       0.83      0.90      0.86        21
           3       0.92      0.92      0.92        24

   micro avg       0.87      0.87      0.87        92
   macro avg       0.87      0.87      0.87        92
weighted avg       0.88      0.87      0.87        92
=====================================================
Epoch: 74
[[23  3  1  0]
 [ 1 17  2  0]
 [ 0  1 20  0]
 [ 1  1  4 18]]
OA: 84%
Cohen's kappa: 0.79
              precision    recall  f1-score   support

           0       0.92      0.85      0.88        27
           1       0.77      0.85      0.81        20
           2       0.74      0.95      0.83        21
           3       1.00      0.75      0.86        24

   micro avg       0.85      0.85      0.85        92
   macro avg       0.86      0.85      0.85        92
weighted avg       0.87      0.85      0.85        92
=====================================================
Epoch: 75
[[24  2  1  0]
 [ 1 17  2  0]
 [ 0  3 18  0]
 [ 1  1  3 19]]
OA: 84%
Cohen's kappa: 0.79
              precision    recall  f1-score   support

           0       0.92      0.89      0.91        27
           1       0.74      0.85      0.79        20
           2       0.75      0.86      0.80        21
           3       1.00      0.79      0.88        24

   micro avg       0.85      0.85      0.85        92
   macro avg       0.85      0.85      0.85        92
weighted avg       0.86      0.85      0.85        92
=====================================================
Epoch: 76
[[21  5  1  0]
 [ 1 15  4  0]
 [ 0  1 20  0]
 [ 0  0  2 22]]
OA: 84%
Cohen's kappa: 0.79
              precision    recall  f1-score   support

           0       0.95      0.78      0.86        27
           1       0.71      0.75      0.73        20
           2       0.74      0.95      0.83        21
           3       1.00      0.92      0.96        24

   micro avg       0.85      0.85      0.85        92
   macro avg       0.85      0.85      0.84        92
weighted avg       0.87      0.85      0.85        92
=====================================================
Epoch: 77
[[24  2  1  0]
 [ 1 14  5  0]
 [ 1  2 18  0]
 [ 0  1  1 22]]
OA: 84%
Cohen's kappa: 0.79
              precision    recall  f1-score   support

           0       0.92      0.89      0.91        27
           1       0.74      0.70      0.72        20
           2       0.72      0.86      0.78        21
           3       1.00      0.92      0.96        24

   micro avg       0.85      0.85      0.85        92
   macro avg       0.84      0.84      0.84        92
weighted avg       0.86      0.85      0.85        92
=====================================================
Epoch: 78
[[23  3  1  0]
 [ 1 17  2  0]
 [ 0  3 18  0]
 [ 0  3  1 20]]
OA: 84%
Cohen's kappa: 0.79
              precision    recall  f1-score   support

           0       0.96      0.85      0.90        27
           1       0.65      0.85      0.74        20
           2       0.82      0.86      0.84        21
           3       1.00      0.83      0.91        24

   micro avg       0.85      0.85      0.85        92
   macro avg       0.86      0.85      0.85        92
weighted avg       0.87      0.85      0.85        92
=====================================================
Epoch: 79
[[25  1  1  0]
 [ 1 13  6  0]
 [ 1  2 17  1]
 [ 0  0  2 22]]
OA: 83%
Cohen's kappa: 0.78
              precision    recall  f1-score   support

           0       0.93      0.93      0.93        27
           1       0.81      0.65      0.72        20
           2       0.65      0.81      0.72        21
           3       0.96      0.92      0.94        24

   micro avg       0.84      0.84      0.84        92
   macro avg       0.84      0.83      0.83        92
weighted avg       0.85      0.84      0.84        92
=====================================================
Epoch: 80
[[25  1  1  0]
 [ 1 15  3  1]
 [ 0  1 17  3]
 [ 0  1  0 23]]
OA: 86%
Cohen's kappa: 0.82
              precision    recall  f1-score   support

           0       0.96      0.93      0.94        27
           1       0.83      0.75      0.79        20
           2       0.81      0.81      0.81        21
           3       0.85      0.96      0.90        24

   micro avg       0.87      0.87      0.87        92
   macro avg       0.86      0.86      0.86        92
weighted avg       0.87      0.87      0.87        92
=====================================================
Epoch: 81
[[22  5  0  0]
 [ 1 15  4  0]
 [ 0  1 19  1]
 [ 0  4  4 16]]
OA: 78%
Cohen's kappa: 0.71
              precision    recall  f1-score   support

           0       0.96      0.81      0.88        27
           1       0.60      0.75      0.67        20
           2       0.70      0.90      0.79        21
           3       0.94      0.67      0.78        24

   micro avg       0.78      0.78      0.78        92
   macro avg       0.80      0.78      0.78        92
weighted avg       0.82      0.78      0.79        92
=====================================================
Epoch: 82
[[25  1  1  0]
 [ 1 14  5  0]
 [ 0  1 19  1]
 [ 0  0  5 19]]
OA: 83%
Cohen's kappa: 0.78
              precision    recall  f1-score   support

           0       0.96      0.93      0.94        27
           1       0.88      0.70      0.78        20
           2       0.63      0.90      0.75        21
           3       0.95      0.79      0.86        24

   micro avg       0.84      0.84      0.84        92
   macro avg       0.85      0.83      0.83        92
weighted avg       0.86      0.84      0.84        92
=====================================================
Epoch: 83
[[23  2  1  1]
 [ 1 17  2  0]
 [ 1  3 15  2]
 [ 0  2  0 22]]
OA: 83%
Cohen's kappa: 0.78
              precision    recall  f1-score   support

           0       0.92      0.85      0.88        27
           1       0.71      0.85      0.77        20
           2       0.83      0.71      0.77        21
           3       0.88      0.92      0.90        24

   micro avg       0.84      0.84      0.84        92
   macro avg       0.84      0.83      0.83        92
weighted avg       0.84      0.84      0.84        92
=====================================================
Epoch: 84
[[23  3  1  0]
 [ 1 17  2  0]
 [ 0  3 18  0]
 [ 0  2  1 21]]
OA: 85%
Cohen's kappa: 0.81
              precision    recall  f1-score   support

           0       0.96      0.85      0.90        27
           1       0.68      0.85      0.76        20
           2       0.82      0.86      0.84        21
           3       1.00      0.88      0.93        24

   micro avg       0.86      0.86      0.86        92
   macro avg       0.86      0.86      0.86        92
weighted avg       0.88      0.86      0.86        92
=====================================================
Epoch: 85
[[22  3  1  1]
 [ 1 16  3  0]
 [ 0  2 18  1]
 [ 0  0  5 19]]
OA: 81%
Cohen's kappa: 0.75
              precision    recall  f1-score   support

           0       0.96      0.81      0.88        27
           1       0.76      0.80      0.78        20
           2       0.67      0.86      0.75        21
           3       0.90      0.79      0.84        24

   micro avg       0.82      0.82      0.82        92
   macro avg       0.82      0.82      0.81        92
weighted avg       0.83      0.82      0.82        92
=====================================================
Epoch: 86
[[24  2  1  0]
 [ 1 16  2  1]
 [ 0  2 17  2]
 [ 0  1  3 20]]
OA: 83%
Cohen's kappa: 0.78
              precision    recall  f1-score   support

           0       0.96      0.89      0.92        27
           1       0.76      0.80      0.78        20
           2       0.74      0.81      0.77        21
           3       0.87      0.83      0.85        24

   micro avg       0.84      0.84      0.84        92
   macro avg       0.83      0.83      0.83        92
weighted avg       0.84      0.84      0.84        92
=====================================================
Epoch: 87
[[23  3  1  0]
 [ 2 17  1  0]
 [ 0  2 18  1]
 [ 1  0  3 20]]
OA: 84%
Cohen's kappa: 0.79
              precision    recall  f1-score   support

           0       0.88      0.85      0.87        27
           1       0.77      0.85      0.81        20
           2       0.78      0.86      0.82        21
           3       0.95      0.83      0.89        24

   micro avg       0.85      0.85      0.85        92
   macro avg       0.85      0.85      0.85        92
weighted avg       0.85      0.85      0.85        92
=====================================================
Epoch: 88
[[23  3  1  0]
 [ 1 17  2  0]
 [ 0  2 19  0]
 [ 0  0  3 21]]
OA: 86%
Cohen's kappa: 0.82
              precision    recall  f1-score   support

           0       0.96      0.85      0.90        27
           1       0.77      0.85      0.81        20
           2       0.76      0.90      0.83        21
           3       1.00      0.88      0.93        24

   micro avg       0.87      0.87      0.87        92
   macro avg       0.87      0.87      0.87        92
weighted avg       0.88      0.87      0.87        92
=====================================================
Epoch: 89
[[22  4  1  0]
 [ 1 15  4  0]
 [ 0  3 18  0]
 [ 0  0  3 21]]
OA: 82%
Cohen's kappa: 0.76
              precision    recall  f1-score   support

           0       0.96      0.81      0.88        27
           1       0.68      0.75      0.71        20
           2       0.69      0.86      0.77        21
           3       1.00      0.88      0.93        24

   micro avg       0.83      0.83      0.83        92
   macro avg       0.83      0.82      0.82        92
weighted avg       0.85      0.83      0.83        92
=====================================================
Epoch: 90
[[25  1  1  0]
 [ 1 15  4  0]
 [ 0  1 20  0]
 [ 1  0  6 17]]
OA: 83%
Cohen's kappa: 0.78
              precision    recall  f1-score   support

           0       0.93      0.93      0.93        27
           1       0.88      0.75      0.81        20
           2       0.65      0.95      0.77        21
           3       1.00      0.71      0.83        24

   micro avg       0.84      0.84      0.84        92
   macro avg       0.86      0.83      0.83        92
weighted avg       0.87      0.84      0.84        92
=====================================================
Epoch: 91
[[24  2  1  0]
 [ 1 17  2  0]
 [ 0  1 20  0]
 [ 0  0  2 22]]
OA: 90%
Cohen's kappa: 0.86
              precision    recall  f1-score   support

           0       0.96      0.89      0.92        27
           1       0.85      0.85      0.85        20
           2       0.80      0.95      0.87        21
           3       1.00      0.92      0.96        24

   micro avg       0.90      0.90      0.90        92
   macro avg       0.90      0.90      0.90        92
weighted avg       0.91      0.90      0.90        92
=====================================================
Epoch: 92
[[22  4  1  0]
 [ 1 15  4  0]
 [ 0  2 18  1]
 [ 0  1  3 20]]
OA: 81%
Cohen's kappa: 0.75
              precision    recall  f1-score   support

           0       0.96      0.81      0.88        27
           1       0.68      0.75      0.71        20
           2       0.69      0.86      0.77        21
           3       0.95      0.83      0.89        24

   micro avg       0.82      0.82      0.82        92
   macro avg       0.82      0.81      0.81        92
weighted avg       0.84      0.82      0.82        92
=====================================================
Epoch: 93
[[24  2  1  0]
 [ 1 14  5  0]
 [ 1  0 19  1]
 [ 0  0  2 22]]
OA: 85%
Cohen's kappa: 0.81
              precision    recall  f1-score   support

           0       0.92      0.89      0.91        27
           1       0.88      0.70      0.78        20
           2       0.70      0.90      0.79        21
           3       0.96      0.92      0.94        24

   micro avg       0.86      0.86      0.86        92
   macro avg       0.86      0.85      0.85        92
weighted avg       0.87      0.86      0.86        92
=====================================================
Epoch: 94
[[20  7  0  0]
 [ 1 19  0  0]
 [ 0  4 13  4]
 [ 0  3  0 21]]
OA: 79%
Cohen's kappa: 0.72
              precision    recall  f1-score   support

           0       0.95      0.74      0.83        27
           1       0.58      0.95      0.72        20
           2       1.00      0.62      0.76        21
           3       0.84      0.88      0.86        24

   micro avg       0.79      0.79      0.79        92
   macro avg       0.84      0.80      0.79        92
weighted avg       0.85      0.79      0.80        92
=====================================================
Epoch: 95
[[21  6  0  0]
 [ 0 17  3  0]
 [ 0  1 19  1]
 [ 0  0  3 21]]
OA: 84%
Cohen's kappa: 0.79
              precision    recall  f1-score   support

           0       1.00      0.78      0.88        27
           1       0.71      0.85      0.77        20
           2       0.76      0.90      0.83        21
           3       0.95      0.88      0.91        24

   micro avg       0.85      0.85      0.85        92
   macro avg       0.86      0.85      0.85        92
weighted avg       0.87      0.85      0.85        92
=====================================================
Epoch: 96
[[22  4  1  0]
 [ 1 16  3  0]
 [ 0  4 17  0]
 [ 0  1  4 19]]
OA: 80%
Cohen's kappa: 0.73
              precision    recall  f1-score   support

           0       0.96      0.81      0.88        27
           1       0.64      0.80      0.71        20
           2       0.68      0.81      0.74        21
           3       1.00      0.79      0.88        24

   micro avg       0.80      0.80      0.80        92
   macro avg       0.82      0.80      0.80        92
weighted avg       0.84      0.80      0.81        92
=====================================================
Epoch: 97
[[24  2  1  0]
 [ 1 15  4  0]
 [ 0  3 16  2]
 [ 0  0  3 21]]
OA: 82%
Cohen's kappa: 0.76
              precision    recall  f1-score   support

           0       0.96      0.89      0.92        27
           1       0.75      0.75      0.75        20
           2       0.67      0.76      0.71        21
           3       0.91      0.88      0.89        24

   micro avg       0.83      0.83      0.83        92
   macro avg       0.82      0.82      0.82        92
weighted avg       0.84      0.83      0.83        92
=====================================================
Epoch: 98
[[20  6  0  1]
 [ 1 15  4  0]
 [ 0  2 19  0]
 [ 0  0  4 20]]
OA: 80%
Cohen's kappa: 0.73
              precision    recall  f1-score   support

           0       0.95      0.74      0.83        27
           1       0.65      0.75      0.70        20
           2       0.70      0.90      0.79        21
           3       0.95      0.83      0.89        24

   micro avg       0.80      0.80      0.80        92
   macro avg       0.82      0.81      0.80        92
weighted avg       0.83      0.80      0.81        92
=====================================================
Epoch: 99
[[26  0  1  0]
 [ 1 16  3  0]
 [ 1  2 17  1]
 [ 0  0  4 20]]
OA: 85%
Cohen's kappa: 0.81
              precision    recall  f1-score   support

           0       0.93      0.96      0.95        27
           1       0.89      0.80      0.84        20
           2       0.68      0.81      0.74        21
           3       0.95      0.83      0.89        24

   micro avg       0.86      0.86      0.86        92
   macro avg       0.86      0.85      0.85        92
weighted avg       0.87      0.86      0.86        92
=====================================================
Epoch: 100
[[24  2  1  0]
 [ 1 15  4  0]
 [ 0  2 18  1]
 [ 0  0  5 19]]
OA: 82%
Cohen's kappa: 0.76
              precision    recall  f1-score   support

           0       0.96      0.89      0.92        27
           1       0.79      0.75      0.77        20
           2       0.64      0.86      0.73        21
           3       0.95      0.79      0.86        24

   micro avg       0.83      0.83      0.83        92
   macro avg       0.84      0.82      0.82        92
weighted avg       0.85      0.83      0.83        92
