=====================================================
Epoch: 1
[[ 2 25  1  1]
 [ 0 29  0  0]
 [ 0 11 16  2]
 [ 0  6 12 11]]
OA: 50%
Cohen's kappa: 0.33
              precision    recall  f1-score   support

           0       1.00      0.07      0.13        29
           1       0.41      1.00      0.58        29
           2       0.55      0.55      0.55        29
           3       0.79      0.38      0.51        29

   micro avg       0.50      0.50      0.50       116
   macro avg       0.69      0.50      0.44       116
weighted avg       0.69      0.50      0.44       116
=====================================================
Epoch: 2
[[13  4  2 10]
 [14 14  1  0]
 [ 2  1 14 12]
 [ 1  0  1 27]]
OA: 58%
Cohen's kappa: 0.44
              precision    recall  f1-score   support

           0       0.43      0.45      0.44        29
           1       0.74      0.48      0.58        29
           2       0.78      0.48      0.60        29
           3       0.55      0.93      0.69        29

   micro avg       0.59      0.59      0.59       116
   macro avg       0.62      0.59      0.58       116
weighted avg       0.62      0.59      0.58       116
=====================================================
Epoch: 3
[[13  2  9  5]
 [ 9  7  6  7]
 [ 0  0 15 14]
 [ 3  0  8 18]]
OA: 45%
Cohen's kappa: 0.27
              precision    recall  f1-score   support

           0       0.52      0.45      0.48        29
           1       0.78      0.24      0.37        29
           2       0.39      0.52      0.45        29
           3       0.41      0.62      0.49        29

   micro avg       0.46      0.46      0.46       116
   macro avg       0.53      0.46      0.45       116
weighted avg       0.53      0.46      0.45       116
=====================================================
Epoch: 4
[[15 10  2  2]
 [10 18  0  1]
 [12  0 16  1]
 [ 9  0  6 14]]
OA: 54%
Cohen's kappa: 0.39
              precision    recall  f1-score   support

           0       0.33      0.52      0.40        29
           1       0.64      0.62      0.63        29
           2       0.67      0.55      0.60        29
           3       0.78      0.48      0.60        29

   micro avg       0.54      0.54      0.54       116
   macro avg       0.60      0.54      0.56       116
weighted avg       0.60      0.54      0.56       116
=====================================================
Epoch: 5
[[17 10  0  2]
 [12 16  1  0]
 [ 3  3 21  2]
 [ 0  3  3 23]]
OA: 66%
Cohen's kappa: 0.55
              precision    recall  f1-score   support

           0       0.53      0.59      0.56        29
           1       0.50      0.55      0.52        29
           2       0.84      0.72      0.78        29
           3       0.85      0.79      0.82        29

   micro avg       0.66      0.66      0.66       116
   macro avg       0.68      0.66      0.67       116
weighted avg       0.68      0.66      0.67       116
=====================================================
Epoch: 6
[[22  1  0  6]
 [15 11  0  3]
 [ 3  1 15 10]
 [ 0  0  0 29]]
OA: 66%
Cohen's kappa: 0.55
              precision    recall  f1-score   support

           0       0.55      0.76      0.64        29
           1       0.85      0.38      0.52        29
           2       1.00      0.52      0.68        29
           3       0.60      1.00      0.75        29

   micro avg       0.66      0.66      0.66       116
   macro avg       0.75      0.66      0.65       116
weighted avg       0.75      0.66      0.65       116
=====================================================
Epoch: 7
[[13 10  0  6]
 [ 7 22  0  0]
 [ 6  1 12 10]
 [ 0  0  0 29]]
OA: 65%
Cohen's kappa: 0.54
              precision    recall  f1-score   support

           0       0.50      0.45      0.47        29
           1       0.67      0.76      0.71        29
           2       1.00      0.41      0.59        29
           3       0.64      1.00      0.78        29

   micro avg       0.66      0.66      0.66       116
   macro avg       0.70      0.66      0.64       116
weighted avg       0.70      0.66      0.64       116
=====================================================
Epoch: 8
[[14  8  0  7]
 [ 5 23  0  1]
 [ 2  1 15 11]
 [ 0  2  0 27]]
OA: 68%
Cohen's kappa: 0.57
              precision    recall  f1-score   support

           0       0.67      0.48      0.56        29
           1       0.68      0.79      0.73        29
           2       1.00      0.52      0.68        29
           3       0.59      0.93      0.72        29

   micro avg       0.68      0.68      0.68       116
   macro avg       0.73      0.68      0.67       116
weighted avg       0.73      0.68      0.67       116
=====================================================
Epoch: 9
[[19  8  2  0]
 [ 1 28  0  0]
 [ 9  1 13  6]
 [ 7  0  2 20]]
OA: 68%
Cohen's kappa: 0.58
              precision    recall  f1-score   support

           0       0.53      0.66      0.58        29
           1       0.76      0.97      0.85        29
           2       0.76      0.45      0.57        29
           3       0.77      0.69      0.73        29

   micro avg       0.69      0.69      0.69       116
   macro avg       0.70      0.69      0.68       116
weighted avg       0.70      0.69      0.68       116
=====================================================
Epoch: 10
[[19  7  0  3]
 [ 5 22  0  2]
 [ 2  1 18  8]
 [ 0  0  2 27]]
OA: 74%
Cohen's kappa: 0.65
              precision    recall  f1-score   support

           0       0.73      0.66      0.69        29
           1       0.73      0.76      0.75        29
           2       0.90      0.62      0.73        29
           3       0.68      0.93      0.78        29

   micro avg       0.74      0.74      0.74       116
   macro avg       0.76      0.74      0.74       116
weighted avg       0.76      0.74      0.74       116
=====================================================
Epoch: 11
[[26  2  0  1]
 [16 13  0  0]
 [ 4  1 14 10]
 [ 2  0  0 27]]
OA: 68%
Cohen's kappa: 0.58
              precision    recall  f1-score   support

           0       0.54      0.90      0.68        29
           1       0.81      0.45      0.58        29
           2       1.00      0.48      0.65        29
           3       0.71      0.93      0.81        29

   micro avg       0.69      0.69      0.69       116
   macro avg       0.77      0.69      0.68       116
weighted avg       0.77      0.69      0.68       116
=====================================================
Epoch: 12
[[15  5  7  2]
 [ 6 23  0  0]
 [ 1  1 19  8]
 [ 1  3  5 20]]
OA: 66%
Cohen's kappa: 0.55
              precision    recall  f1-score   support

           0       0.65      0.52      0.58        29
           1       0.72      0.79      0.75        29
           2       0.61      0.66      0.63        29
           3       0.67      0.69      0.68        29

   micro avg       0.66      0.66      0.66       116
   macro avg       0.66      0.66      0.66       116
weighted avg       0.66      0.66      0.66       116
