=====================================================
Epoch: 1
[[46  5  0  0]
 [ 2 41  6  2]
 [ 0  2 45  4]
 [ 0  0 13 38]]
OA: 83%
Cohen's kappa: 0.77
              precision    recall  f1-score   support

           0       0.96      0.90      0.93        51
           1       0.85      0.80      0.83        51
           2       0.70      0.88      0.78        51
           3       0.86      0.75      0.80        51

   micro avg       0.83      0.83      0.83       204
   macro avg       0.84      0.83      0.84       204
weighted avg       0.84      0.83      0.84       204
=====================================================
Epoch: 2
[[48  3  0  0]
 [ 3 45  2  1]
 [ 2  4 42  3]
 [ 4  0  9 38]]
OA: 84%
Cohen's kappa: 0.79
              precision    recall  f1-score   support

           0       0.84      0.94      0.89        51
           1       0.87      0.88      0.87        51
           2       0.79      0.82      0.81        51
           3       0.90      0.75      0.82        51

   micro avg       0.85      0.85      0.85       204
   macro avg       0.85      0.85      0.85       204
weighted avg       0.85      0.85      0.85       204
=====================================================
Epoch: 3
[[39  8  0  4]
 [ 2 41  4  4]
 [ 0  2 41  8]
 [ 0  1 25 25]]
OA: 71%
Cohen's kappa: 0.62
              precision    recall  f1-score   support

           0       0.95      0.76      0.85        51
           1       0.79      0.80      0.80        51
           2       0.59      0.80      0.68        51
           3       0.61      0.49      0.54        51

   micro avg       0.72      0.72      0.72       204
   macro avg       0.73      0.72      0.72       204
weighted avg       0.73      0.72      0.72       204
=====================================================
Epoch: 4
[[49  2  0  0]
 [ 5 39  6  1]
 [ 0  2 39 10]
 [ 0  0  8 43]]
OA: 83%
Cohen's kappa: 0.77
              precision    recall  f1-score   support

           0       0.91      0.96      0.93        51
           1       0.91      0.76      0.83        51
           2       0.74      0.76      0.75        51
           3       0.80      0.84      0.82        51

   micro avg       0.83      0.83      0.83       204
   macro avg       0.84      0.83      0.83       204
weighted avg       0.84      0.83      0.83       204
=====================================================
Epoch: 5
[[47  4  0  0]
 [ 0 47  3  1]
 [ 0  5 42  4]
 [ 0  3 10 38]]
OA: 85%
Cohen's kappa: 0.8
              precision    recall  f1-score   support

           0       1.00      0.92      0.96        51
           1       0.80      0.92      0.85        51
           2       0.76      0.82      0.79        51
           3       0.88      0.75      0.81        51

   micro avg       0.85      0.85      0.85       204
   macro avg       0.86      0.85      0.85       204
weighted avg       0.86      0.85      0.85       204
=====================================================
Epoch: 6
[[43  4  0  4]
 [ 1 36  4 10]
 [ 0  0 34 17]
 [ 0  0  1 50]]
OA: 79%
Cohen's kappa: 0.73
              precision    recall  f1-score   support

           0       0.98      0.84      0.91        51
           1       0.90      0.71      0.79        51
           2       0.87      0.67      0.76        51
           3       0.62      0.98      0.76        51

   micro avg       0.80      0.80      0.80       204
   macro avg       0.84      0.80      0.80       204
weighted avg       0.84      0.80      0.80       204
=====================================================
Epoch: 7
[[44  6  0  1]
 [ 2 42  5  2]
 [ 0  2 26 23]
 [ 0  0  0 51]]
OA: 79%
Cohen's kappa: 0.73
              precision    recall  f1-score   support

           0       0.96      0.86      0.91        51
           1       0.84      0.82      0.83        51
           2       0.84      0.51      0.63        51
           3       0.66      1.00      0.80        51

   micro avg       0.80      0.80      0.80       204
   macro avg       0.82      0.80      0.79       204
weighted avg       0.82      0.80      0.79       204
=====================================================
Epoch: 8
[[44  7  0  0]
 [ 2 44  4  1]
 [ 0  3 47  1]
 [ 0  2 21 28]]
OA: 79%
Cohen's kappa: 0.73
              precision    recall  f1-score   support

           0       0.96      0.86      0.91        51
           1       0.79      0.86      0.82        51
           2       0.65      0.92      0.76        51
           3       0.93      0.55      0.69        51

   micro avg       0.80      0.80      0.80       204
   macro avg       0.83      0.80      0.80       204
weighted avg       0.83      0.80      0.80       204
=====================================================
Epoch: 9
[[45  6  0  0]
 [ 1 46  3  1]
 [ 1  1 36 13]
 [ 0  0  5 46]]
OA: 84%
Cohen's kappa: 0.79
              precision    recall  f1-score   support

           0       0.96      0.88      0.92        51
           1       0.87      0.90      0.88        51
           2       0.82      0.71      0.76        51
           3       0.77      0.90      0.83        51

   micro avg       0.85      0.85      0.85       204
   macro avg       0.85      0.85      0.85       204
weighted avg       0.85      0.85      0.85       204
=====================================================
Epoch: 10
[[43  4  1  3]
 [ 0 37  6  8]
 [ 0  1 36 14]
 [ 0  0  5 46]]
OA: 79%
Cohen's kappa: 0.72
              precision    recall  f1-score   support

           0       1.00      0.84      0.91        51
           1       0.88      0.73      0.80        51
           2       0.75      0.71      0.73        51
           3       0.65      0.90      0.75        51

   micro avg       0.79      0.79      0.79       204
   macro avg       0.82      0.79      0.80       204
weighted avg       0.82      0.79      0.80       204
=====================================================
Epoch: 11
[[47  3  0  1]
 [ 4 43  3  1]
 [ 0  3 36 12]
 [ 0  0  0 51]]
OA: 86%
Cohen's kappa: 0.82
              precision    recall  f1-score   support

           0       0.92      0.92      0.92        51
           1       0.88      0.84      0.86        51
           2       0.92      0.71      0.80        51
           3       0.78      1.00      0.88        51

   micro avg       0.87      0.87      0.87       204
   macro avg       0.88      0.87      0.87       204
weighted avg       0.88      0.87      0.87       204
=====================================================
Epoch: 12
[[47  4  0  0]
 [ 3 45  2  1]
 [ 2  4 39  6]
 [ 3  0  5 43]]
OA: 85%
Cohen's kappa: 0.8
              precision    recall  f1-score   support

           0       0.85      0.92      0.89        51
           1       0.85      0.88      0.87        51
           2       0.85      0.76      0.80        51
           3       0.86      0.84      0.85        51

   micro avg       0.85      0.85      0.85       204
   macro avg       0.85      0.85      0.85       204
weighted avg       0.85      0.85      0.85       204
=====================================================
Epoch: 13
[[38 10  1  2]
 [ 0 42  6  3]
 [ 0  1 44  6]
 [ 0  0  9 42]]
OA: 81%
Cohen's kappa: 0.75
              precision    recall  f1-score   support

           0       1.00      0.75      0.85        51
           1       0.79      0.82      0.81        51
           2       0.73      0.86      0.79        51
           3       0.79      0.82      0.81        51

   micro avg       0.81      0.81      0.81       204
   macro avg       0.83      0.81      0.82       204
weighted avg       0.83      0.81      0.82       204
=====================================================
Epoch: 14
[[47  3  0  1]
 [ 1 47  2  1]
 [ 0  3 41  7]
 [ 1  2 11 37]]
OA: 84%
Cohen's kappa: 0.79
              precision    recall  f1-score   support

           0       0.96      0.92      0.94        51
           1       0.85      0.92      0.89        51
           2       0.76      0.80      0.78        51
           3       0.80      0.73      0.76        51

   micro avg       0.84      0.84      0.84       204
   macro avg       0.84      0.84      0.84       204
weighted avg       0.84      0.84      0.84       204
=====================================================
Epoch: 15
[[47  3  0  1]
 [ 1 45  4  1]
 [ 0  3 44  4]
 [ 0  1 11 39]]
OA: 85%
Cohen's kappa: 0.81
              precision    recall  f1-score   support

           0       0.98      0.92      0.95        51
           1       0.87      0.88      0.87        51
           2       0.75      0.86      0.80        51
           3       0.87      0.76      0.81        51

   micro avg       0.86      0.86      0.86       204
   macro avg       0.86      0.86      0.86       204
weighted avg       0.86      0.86      0.86       204
=====================================================
Epoch: 16
[[44  7  0  0]
 [ 2 42  6  1]
 [ 0  2 39 10]
 [ 1  1  4 45]]
OA: 83%
Cohen's kappa: 0.77
              precision    recall  f1-score   support

           0       0.94      0.86      0.90        51
           1       0.81      0.82      0.82        51
           2       0.80      0.76      0.78        51
           3       0.80      0.88      0.84        51

   micro avg       0.83      0.83      0.83       204
   macro avg       0.84      0.83      0.83       204
weighted avg       0.84      0.83      0.83       204
=====================================================
Epoch: 17
[[48  3  0  0]
 [ 2 45  2  2]
 [ 1  3 30 17]
 [ 2  0  5 44]]
OA: 81%
Cohen's kappa: 0.75
              precision    recall  f1-score   support

           0       0.91      0.94      0.92        51
           1       0.88      0.88      0.88        51
           2       0.81      0.59      0.68        51
           3       0.70      0.86      0.77        51

   micro avg       0.82      0.82      0.82       204
   macro avg       0.82      0.82      0.81       204
weighted avg       0.82      0.82      0.81       204
=====================================================
Epoch: 18
[[48  2  0  1]
 [ 2 41  6  2]
 [ 0  2 39 10]
 [ 0  0  3 48]]
OA: 86%
Cohen's kappa: 0.81
              precision    recall  f1-score   support

           0       0.96      0.94      0.95        51
           1       0.91      0.80      0.85        51
           2       0.81      0.76      0.79        51
           3       0.79      0.94      0.86        51

   micro avg       0.86      0.86      0.86       204
   macro avg       0.87      0.86      0.86       204
weighted avg       0.87      0.86      0.86       204
=====================================================
Epoch: 19
[[45  1  0  5]
 [ 3 43  4  1]
 [ 0  2 30 19]
 [ 0  0  1 50]]
OA: 82%
Cohen's kappa: 0.76
              precision    recall  f1-score   support

           0       0.94      0.88      0.91        51
           1       0.93      0.84      0.89        51
           2       0.86      0.59      0.70        51
           3       0.67      0.98      0.79        51

   micro avg       0.82      0.82      0.82       204
   macro avg       0.85      0.82      0.82       204
weighted avg       0.85      0.82      0.82       204
=====================================================
Epoch: 20
[[45  5  0  1]
 [ 2 47  1  1]
 [ 0  3 45  3]
 [ 0  0  8 43]]
OA: 88%
Cohen's kappa: 0.84
              precision    recall  f1-score   support

           0       0.96      0.88      0.92        51
           1       0.85      0.92      0.89        51
           2       0.83      0.88      0.86        51
           3       0.90      0.84      0.87        51

   micro avg       0.88      0.88      0.88       204
   macro avg       0.89      0.88      0.88       204
weighted avg       0.89      0.88      0.88       204
=====================================================
Epoch: 21
[[43  5  0  3]
 [ 1 44  2  4]
 [ 0  2 35 14]
 [ 1  0  4 46]]
OA: 82%
Cohen's kappa: 0.76
              precision    recall  f1-score   support

           0       0.96      0.84      0.90        51
           1       0.86      0.86      0.86        51
           2       0.85      0.69      0.76        51
           3       0.69      0.90      0.78        51

   micro avg       0.82      0.82      0.82       204
   macro avg       0.84      0.82      0.82       204
weighted avg       0.84      0.82      0.82       204
=====================================================
Epoch: 22
[[45  4  0  2]
 [ 5 43  1  2]
 [ 0  2 41  8]
 [ 0  1  1 49]]
OA: 87%
Cohen's kappa: 0.83
              precision    recall  f1-score   support

           0       0.90      0.88      0.89        51
           1       0.86      0.84      0.85        51
           2       0.95      0.80      0.87        51
           3       0.80      0.96      0.88        51

   micro avg       0.87      0.87      0.87       204
   macro avg       0.88      0.87      0.87       204
weighted avg       0.88      0.87      0.87       204
=====================================================
Epoch: 23
[[47  4  0  0]
 [ 3 41  3  4]
 [ 1  1 39 10]
 [ 0  0  7 44]]
OA: 83%
Cohen's kappa: 0.78
              precision    recall  f1-score   support

           0       0.92      0.92      0.92        51
           1       0.89      0.80      0.85        51
           2       0.80      0.76      0.78        51
           3       0.76      0.86      0.81        51

   micro avg       0.84      0.84      0.84       204
   macro avg       0.84      0.84      0.84       204
weighted avg       0.84      0.84      0.84       204
=====================================================
Epoch: 24
[[47  4  0  0]
 [ 3 46  1  1]
 [ 1  8 31 11]
 [ 2  0  1 48]]
OA: 84%
Cohen's kappa: 0.79
              precision    recall  f1-score   support

           0       0.89      0.92      0.90        51
           1       0.79      0.90      0.84        51
           2       0.94      0.61      0.74        51
           3       0.80      0.94      0.86        51

   micro avg       0.84      0.84      0.84       204
   macro avg       0.85      0.84      0.84       204
weighted avg       0.85      0.84      0.84       204
=====================================================
Epoch: 25
[[48  3  0  0]
 [ 3 44  1  3]
 [ 1  3 41  6]
 [ 1  1  3 46]]
OA: 87%
Cohen's kappa: 0.83
              precision    recall  f1-score   support

           0       0.91      0.94      0.92        51
           1       0.86      0.86      0.86        51
           2       0.91      0.80      0.85        51
           3       0.84      0.90      0.87        51

   micro avg       0.88      0.88      0.88       204
   macro avg       0.88      0.88      0.88       204
weighted avg       0.88      0.88      0.88       204
=====================================================
Epoch: 26
[[47  4  0  0]
 [ 2 40  6  3]
 [ 1  1 39 10]
 [ 0  0  1 50]]
OA: 86%
Cohen's kappa: 0.81
              precision    recall  f1-score   support

           0       0.94      0.92      0.93        51
           1       0.89      0.78      0.83        51
           2       0.85      0.76      0.80        51
           3       0.79      0.98      0.88        51

   micro avg       0.86      0.86      0.86       204
   macro avg       0.87      0.86      0.86       204
weighted avg       0.87      0.86      0.86       204
=====================================================
Epoch: 27
[[48  2  1  0]
 [ 1 39  8  3]
 [ 0  2 32 17]
 [ 0  0  3 48]]
OA: 81%
Cohen's kappa: 0.75
              precision    recall  f1-score   support

           0       0.98      0.94      0.96        51
           1       0.91      0.76      0.83        51
           2       0.73      0.63      0.67        51
           3       0.71      0.94      0.81        51

   micro avg       0.82      0.82      0.82       204
   macro avg       0.83      0.82      0.82       204
weighted avg       0.83      0.82      0.82       204
=====================================================
Epoch: 28
[[50  0  0  1]
 [10 38  1  2]
 [ 1  5 39  6]
 [ 0  0  4 47]]
OA: 85%
Cohen's kappa: 0.8
              precision    recall  f1-score   support

           0       0.82      0.98      0.89        51
           1       0.88      0.75      0.81        51
           2       0.89      0.76      0.82        51
           3       0.84      0.92      0.88        51

   micro avg       0.85      0.85      0.85       204
   macro avg       0.86      0.85      0.85       204
weighted avg       0.86      0.85      0.85       204
=====================================================
Epoch: 29
[[47  4  0  0]
 [ 2 45  2  2]
 [ 0  4 44  3]
 [ 1  1  6 43]]
OA: 87%
Cohen's kappa: 0.83
              precision    recall  f1-score   support

           0       0.94      0.92      0.93        51
           1       0.83      0.88      0.86        51
           2       0.85      0.86      0.85        51
           3       0.90      0.84      0.87        51

   micro avg       0.88      0.88      0.88       204
   macro avg       0.88      0.88      0.88       204
weighted avg       0.88      0.88      0.88       204
=====================================================
Epoch: 30
[[47  4  0  0]
 [ 2 43  4  2]
 [ 2  3 39  7]
 [ 4  0  2 45]]
OA: 85%
Cohen's kappa: 0.8
              precision    recall  f1-score   support

           0       0.85      0.92      0.89        51
           1       0.86      0.84      0.85        51
           2       0.87      0.76      0.81        51
           3       0.83      0.88      0.86        51

   micro avg       0.85      0.85      0.85       204
   macro avg       0.85      0.85      0.85       204
weighted avg       0.85      0.85      0.85       204
=====================================================
Epoch: 31
[[46  3  0  2]
 [ 2 40  6  3]
 [ 1  1 37 12]
 [ 0  0  1 50]]
OA: 84%
Cohen's kappa: 0.79
              precision    recall  f1-score   support

           0       0.94      0.90      0.92        51
           1       0.91      0.78      0.84        51
           2       0.84      0.73      0.78        51
           3       0.75      0.98      0.85        51

   micro avg       0.85      0.85      0.85       204
   macro avg       0.86      0.85      0.85       204
weighted avg       0.86      0.85      0.85       204
=====================================================
Epoch: 32
[[48  3  0  0]
 [ 8 39  2  2]
 [ 0  6 32 13]
 [ 0  1  1 49]]
OA: 82%
Cohen's kappa: 0.76
              precision    recall  f1-score   support

           0       0.86      0.94      0.90        51
           1       0.80      0.76      0.78        51
           2       0.91      0.63      0.74        51
           3       0.77      0.96      0.85        51

   micro avg       0.82      0.82      0.82       204
   macro avg       0.83      0.82      0.82       204
weighted avg       0.83      0.82      0.82       204
=====================================================
Epoch: 33
[[48  3  0  0]
 [ 2 45  3  1]
 [ 0  6 39  6]
 [ 0  1  6 44]]
OA: 86%
Cohen's kappa: 0.81
              precision    recall  f1-score   support

           0       0.96      0.94      0.95        51
           1       0.82      0.88      0.85        51
           2       0.81      0.76      0.79        51
           3       0.86      0.86      0.86        51

   micro avg       0.86      0.86      0.86       204
   macro avg       0.86      0.86      0.86       204
weighted avg       0.86      0.86      0.86       204
=====================================================
Epoch: 34
[[49  2  0  0]
 [ 4 40  6  1]
 [ 2  3 44  2]
 [ 2  0  3 46]]
OA: 87%
Cohen's kappa: 0.83
              precision    recall  f1-score   support

           0       0.86      0.96      0.91        51
           1       0.89      0.78      0.83        51
           2       0.83      0.86      0.85        51
           3       0.94      0.90      0.92        51

   micro avg       0.88      0.88      0.88       204
   macro avg       0.88      0.88      0.88       204
weighted avg       0.88      0.88      0.88       204
=====================================================
Epoch: 35
[[48  2  0  1]
 [ 1 43  5  2]
 [ 2  3 36 10]
 [ 2  0  2 47]]
OA: 85%
Cohen's kappa: 0.8
              precision    recall  f1-score   support

           0       0.91      0.94      0.92        51
           1       0.90      0.84      0.87        51
           2       0.84      0.71      0.77        51
           3       0.78      0.92      0.85        51

   micro avg       0.85      0.85      0.85       204
   macro avg       0.86      0.85      0.85       204
weighted avg       0.86      0.85      0.85       204
=====================================================
Epoch: 36
[[45  3  0  3]
 [ 1 43  4  3]
 [ 1  3 38  9]
 [ 1  0  3 47]]
OA: 84%
Cohen's kappa: 0.79
              precision    recall  f1-score   support

           0       0.94      0.88      0.91        51
           1       0.88      0.84      0.86        51
           2       0.84      0.75      0.79        51
           3       0.76      0.92      0.83        51

   micro avg       0.85      0.85      0.85       204
   macro avg       0.85      0.85      0.85       204
weighted avg       0.85      0.85      0.85       204
=====================================================
Epoch: 37
[[47  4  0  0]
 [ 1 48  1  1]
 [ 3  4 39  5]
 [ 1  1  4 45]]
OA: 87%
Cohen's kappa: 0.83
              precision    recall  f1-score   support

           0       0.90      0.92      0.91        51
           1       0.84      0.94      0.89        51
           2       0.89      0.76      0.82        51
           3       0.88      0.88      0.88        51

   micro avg       0.88      0.88      0.88       204
   macro avg       0.88      0.88      0.88       204
weighted avg       0.88      0.88      0.88       204
=====================================================
Epoch: 38
[[46  3  0  2]
 [ 1 46  3  1]
 [ 0  4 38  9]
 [ 1  0  2 48]]
OA: 87%
Cohen's kappa: 0.83
              precision    recall  f1-score   support

           0       0.96      0.90      0.93        51
           1       0.87      0.90      0.88        51
           2       0.88      0.75      0.81        51
           3       0.80      0.94      0.86        51

   micro avg       0.87      0.87      0.87       204
   macro avg       0.88      0.87      0.87       204
weighted avg       0.88      0.87      0.87       204
=====================================================
Epoch: 39
[[49  2  0  0]
 [ 4 42  4  1]
 [ 1  4 41  5]
 [ 2  0  1 48]]
OA: 88%
Cohen's kappa: 0.84
              precision    recall  f1-score   support

           0       0.88      0.96      0.92        51
           1       0.88      0.82      0.85        51
           2       0.89      0.80      0.85        51
           3       0.89      0.94      0.91        51

   micro avg       0.88      0.88      0.88       204
   macro avg       0.88      0.88      0.88       204
weighted avg       0.88      0.88      0.88       204
=====================================================
Epoch: 40
[[37  7  5  2]
 [ 0 45  5  1]
 [ 0  3 40  8]
 [ 0  2  5 44]]
OA: 81%
Cohen's kappa: 0.75
              precision    recall  f1-score   support

           0       1.00      0.73      0.84        51
           1       0.79      0.88      0.83        51
           2       0.73      0.78      0.75        51
           3       0.80      0.86      0.83        51

   micro avg       0.81      0.81      0.81       204
   macro avg       0.83      0.81      0.81       204
weighted avg       0.83      0.81      0.81       204
=====================================================
Epoch: 41
[[45  6  0  0]
 [ 1 48  0  2]
 [ 1  5 36  9]
 [ 0  1  0 50]]
OA: 87%
Cohen's kappa: 0.83
              precision    recall  f1-score   support

           0       0.96      0.88      0.92        51
           1       0.80      0.94      0.86        51
           2       1.00      0.71      0.83        51
           3       0.82      0.98      0.89        51

   micro avg       0.88      0.88      0.88       204
   macro avg       0.89      0.88      0.88       204
weighted avg       0.89      0.88      0.88       204
=====================================================
Epoch: 42
[[46  4  0  1]
 [ 2 44  1  4]
 [ 1  2 42  6]
 [ 2  0  2 47]]
OA: 87%
Cohen's kappa: 0.83
              precision    recall  f1-score   support

           0       0.90      0.90      0.90        51
           1       0.88      0.86      0.87        51
           2       0.93      0.82      0.87        51
           3       0.81      0.92      0.86        51

   micro avg       0.88      0.88      0.88       204
   macro avg       0.88      0.88      0.88       204
weighted avg       0.88      0.88      0.88       204
=====================================================
Epoch: 43
[[44  4  0  3]
 [ 2 45  2  2]
 [ 1  5 40  5]
 [ 0  3  2 46]]
OA: 85%
Cohen's kappa: 0.81
              precision    recall  f1-score   support

           0       0.94      0.86      0.90        51
           1       0.79      0.88      0.83        51
           2       0.91      0.78      0.84        51
           3       0.82      0.90      0.86        51

   micro avg       0.86      0.86      0.86       204
   macro avg       0.86      0.86      0.86       204
weighted avg       0.86      0.86      0.86       204
=====================================================
Epoch: 44
[[48  3  0  0]
 [ 2 43  4  2]
 [ 1  2 40  8]
 [ 0  0  2 49]]
OA: 88%
Cohen's kappa: 0.84
              precision    recall  f1-score   support

           0       0.94      0.94      0.94        51
           1       0.90      0.84      0.87        51
           2       0.87      0.78      0.82        51
           3       0.83      0.96      0.89        51

   micro avg       0.88      0.88      0.88       204
   macro avg       0.88      0.88      0.88       204
weighted avg       0.88      0.88      0.88       204
