=====================================================
Epoch: 1
[[40  1  0 10]
 [ 2 31  7 11]
 [ 0  1 44  6]
 [ 0  0 26 25]]
OA: 68%
Cohen's kappa: 0.58
              precision    recall  f1-score   support

           0       0.95      0.78      0.86        51
           1       0.94      0.61      0.74        51
           2       0.57      0.86      0.69        51
           3       0.48      0.49      0.49        51

   micro avg       0.69      0.69      0.69       204
   macro avg       0.74      0.69      0.69       204
weighted avg       0.74      0.69      0.69       204
=====================================================
Epoch: 2
[[37 12  1  1]
 [ 1 35  8  7]
 [ 0  1 44  6]
 [ 0  0 16 35]]
OA: 74%
Cohen's kappa: 0.65
              precision    recall  f1-score   support

           0       0.97      0.73      0.83        51
           1       0.73      0.69      0.71        51
           2       0.64      0.86      0.73        51
           3       0.71      0.69      0.70        51

   micro avg       0.74      0.74      0.74       204
   macro avg       0.76      0.74      0.74       204
weighted avg       0.76      0.74      0.74       204
=====================================================
Epoch: 3
[[39 12  0  0]
 [ 3 40  3  5]
 [ 0  5 34 12]
 [ 2  2  5 42]]
OA: 75%
Cohen's kappa: 0.67
              precision    recall  f1-score   support

           0       0.89      0.76      0.82        51
           1       0.68      0.78      0.73        51
           2       0.81      0.67      0.73        51
           3       0.71      0.82      0.76        51

   micro avg       0.76      0.76      0.76       204
   macro avg       0.77      0.76      0.76       204
weighted avg       0.77      0.76      0.76       204
=====================================================
Epoch: 4
[[38  7  0  6]
 [ 2 43  2  4]
 [ 0  7 35  9]
 [ 1  4  5 41]]
OA: 76%
Cohen's kappa: 0.69
              precision    recall  f1-score   support

           0       0.93      0.75      0.83        51
           1       0.70      0.84      0.77        51
           2       0.83      0.69      0.75        51
           3       0.68      0.80      0.74        51

   micro avg       0.77      0.77      0.77       204
   macro avg       0.79      0.77      0.77       204
weighted avg       0.79      0.77      0.77       204
=====================================================
Epoch: 5
[[41  9  0  1]
 [ 3 43  3  2]
 [ 0  4 40  7]
 [ 1  2 13 35]]
OA: 77%
Cohen's kappa: 0.7
              precision    recall  f1-score   support

           0       0.91      0.80      0.85        51
           1       0.74      0.84      0.79        51
           2       0.71      0.78      0.75        51
           3       0.78      0.69      0.73        51

   micro avg       0.78      0.78      0.78       204
   macro avg       0.79      0.78      0.78       204
weighted avg       0.79      0.78      0.78       204
=====================================================
Epoch: 6
[[43  7  1  0]
 [ 3 43  3  2]
 [ 0  8 31 12]
 [ 1  0  1 49]]
OA: 81%
Cohen's kappa: 0.75
              precision    recall  f1-score   support

           0       0.91      0.84      0.88        51
           1       0.74      0.84      0.79        51
           2       0.86      0.61      0.71        51
           3       0.78      0.96      0.86        51

   micro avg       0.81      0.81      0.81       204
   macro avg       0.82      0.81      0.81       204
weighted avg       0.82      0.81      0.81       204
=====================================================
Epoch: 7
[[43  8  0  0]
 [ 1 45  3  2]
 [ 0  6 37  8]
 [ 1  4  7 39]]
OA: 80%
Cohen's kappa: 0.73
              precision    recall  f1-score   support

           0       0.96      0.84      0.90        51
           1       0.71      0.88      0.79        51
           2       0.79      0.73      0.76        51
           3       0.80      0.76      0.78        51

   micro avg       0.80      0.80      0.80       204
   macro avg       0.81      0.80      0.81       204
weighted avg       0.81      0.80      0.81       204
=====================================================
Epoch: 8
[[45  4  0  2]
 [ 3 41  5  2]
 [ 0  2 41  8]
 [ 0  0  8 43]]
OA: 83%
Cohen's kappa: 0.77
              precision    recall  f1-score   support

           0       0.94      0.88      0.91        51
           1       0.87      0.80      0.84        51
           2       0.76      0.80      0.78        51
           3       0.78      0.84      0.81        51

   micro avg       0.83      0.83      0.83       204
   macro avg       0.84      0.83      0.83       204
weighted avg       0.84      0.83      0.83       204
=====================================================
Epoch: 9
[[47  4  0  0]
 [ 5 43  1  2]
 [ 1 13 35  2]
 [ 5  8 16 22]]
OA: 72%
Cohen's kappa: 0.62
              precision    recall  f1-score   support

           0       0.81      0.92      0.86        51
           1       0.63      0.84      0.72        51
           2       0.67      0.69      0.68        51
           3       0.85      0.43      0.57        51

   micro avg       0.72      0.72      0.72       204
   macro avg       0.74      0.72      0.71       204
weighted avg       0.74      0.72      0.71       204
=====================================================
Epoch: 10
[[48  3  0  0]
 [ 7 41  2  1]
 [ 1  3 41  6]
 [ 5  0 12 34]]
OA: 80%
Cohen's kappa: 0.73
              precision    recall  f1-score   support

           0       0.79      0.94      0.86        51
           1       0.87      0.80      0.84        51
           2       0.75      0.80      0.77        51
           3       0.83      0.67      0.74        51

   micro avg       0.80      0.80      0.80       204
   macro avg       0.81      0.80      0.80       204
weighted avg       0.81      0.80      0.80       204
=====================================================
Epoch: 11
[[47  3  0  1]
 [ 4 43  2  2]
 [ 0  5 32 14]
 [ 0  0  4 47]]
OA: 82%
Cohen's kappa: 0.77
              precision    recall  f1-score   support

           0       0.92      0.92      0.92        51
           1       0.84      0.84      0.84        51
           2       0.84      0.63      0.72        51
           3       0.73      0.92      0.82        51

   micro avg       0.83      0.83      0.83       204
   macro avg       0.84      0.83      0.83       204
weighted avg       0.84      0.83      0.83       204
=====================================================
Epoch: 12
[[39  3  0  9]
 [ 3 29  6 13]
 [ 0  1 46  4]
 [ 0  0 11 40]]
OA: 75%
Cohen's kappa: 0.67
              precision    recall  f1-score   support

           0       0.93      0.76      0.84        51
           1       0.88      0.57      0.69        51
           2       0.73      0.90      0.81        51
           3       0.61      0.78      0.68        51

   micro avg       0.75      0.75      0.75       204
   macro avg       0.79      0.75      0.75       204
weighted avg       0.79      0.75      0.75       204
=====================================================
Epoch: 13
[[47  3  0  1]
 [ 2 43  5  1]
 [ 0  3 41  7]
 [ 0  1  8 42]]
OA: 84%
Cohen's kappa: 0.79
              precision    recall  f1-score   support

           0       0.96      0.92      0.94        51
           1       0.86      0.84      0.85        51
           2       0.76      0.80      0.78        51
           3       0.82      0.82      0.82        51

   micro avg       0.85      0.85      0.85       204
   macro avg       0.85      0.85      0.85       204
weighted avg       0.85      0.85      0.85       204
=====================================================
Epoch: 14
[[45  5  0  1]
 [ 4 44  3  0]
 [ 0 15 34  2]
 [ 0 11 11 29]]
OA: 74%
Cohen's kappa: 0.66
              precision    recall  f1-score   support

           0       0.92      0.88      0.90        51
           1       0.59      0.86      0.70        51
           2       0.71      0.67      0.69        51
           3       0.91      0.57      0.70        51

   micro avg       0.75      0.75      0.75       204
   macro avg       0.78      0.75      0.75       204
weighted avg       0.78      0.75      0.75       204
=====================================================
Epoch: 15
[[44  7  0  0]
 [ 2 45  3  1]
 [ 0  6 36  9]
 [ 0  0  4 47]]
OA: 84%
Cohen's kappa: 0.79
              precision    recall  f1-score   support

           0       0.96      0.86      0.91        51
           1       0.78      0.88      0.83        51
           2       0.84      0.71      0.77        51
           3       0.82      0.92      0.87        51

   micro avg       0.84      0.84      0.84       204
   macro avg       0.85      0.84      0.84       204
weighted avg       0.85      0.84      0.84       204
=====================================================
Epoch: 16
[[47  4  0  0]
 [ 6 42  2  1]
 [ 0  8 27 16]
 [ 2  0  0 49]]
OA: 80%
Cohen's kappa: 0.74
              precision    recall  f1-score   support

           0       0.85      0.92      0.89        51
           1       0.78      0.82      0.80        51
           2       0.93      0.53      0.67        51
           3       0.74      0.96      0.84        51

   micro avg       0.81      0.81      0.81       204
   macro avg       0.83      0.81      0.80       204
weighted avg       0.83      0.81      0.80       204
=====================================================
Epoch: 17
[[45  5  0  1]
 [ 3 44  2  2]
 [ 4  4 30 13]
 [ 4  0  4 43]]
OA: 79%
Cohen's kappa: 0.72
              precision    recall  f1-score   support

           0       0.80      0.88      0.84        51
           1       0.83      0.86      0.85        51
           2       0.83      0.59      0.69        51
           3       0.73      0.84      0.78        51

   micro avg       0.79      0.79      0.79       204
   macro avg       0.80      0.79      0.79       204
weighted avg       0.80      0.79      0.79       204
=====================================================
Epoch: 18
[[49  2  0  0]
 [ 7 39  4  1]
 [ 0  6 42  3]
 [ 2  3  7 39]]
OA: 82%
Cohen's kappa: 0.77
              precision    recall  f1-score   support

           0       0.84      0.96      0.90        51
           1       0.78      0.76      0.77        51
           2       0.79      0.82      0.81        51
           3       0.91      0.76      0.83        51

   micro avg       0.83      0.83      0.83       204
   macro avg       0.83      0.83      0.83       204
weighted avg       0.83      0.83      0.83       204
=====================================================
Epoch: 19
[[49  2  0  0]
 [ 5 42  3  1]
 [ 1  3 42  5]
 [ 3  0  4 44]]
OA: 86%
Cohen's kappa: 0.82
              precision    recall  f1-score   support

           0       0.84      0.96      0.90        51
           1       0.89      0.82      0.86        51
           2       0.86      0.82      0.84        51
           3       0.88      0.86      0.87        51

   micro avg       0.87      0.87      0.87       204
   macro avg       0.87      0.87      0.87       204
weighted avg       0.87      0.87      0.87       204
=====================================================
Epoch: 20
[[49  2  0  0]
 [ 4 40  6  1]
 [ 1  3 43  4]
 [ 0  1  8 42]]
OA: 85%
Cohen's kappa: 0.8
              precision    recall  f1-score   support

           0       0.91      0.96      0.93        51
           1       0.87      0.78      0.82        51
           2       0.75      0.84      0.80        51
           3       0.89      0.82      0.86        51

   micro avg       0.85      0.85      0.85       204
   macro avg       0.86      0.85      0.85       204
weighted avg       0.86      0.85      0.85       204
=====================================================
Epoch: 21
[[47  4  0  0]
 [ 3 44  3  1]
 [ 2  6 33 10]
 [ 1  2  2 46]]
OA: 83%
Cohen's kappa: 0.77
              precision    recall  f1-score   support

           0       0.89      0.92      0.90        51
           1       0.79      0.86      0.82        51
           2       0.87      0.65      0.74        51
           3       0.81      0.90      0.85        51

   micro avg       0.83      0.83      0.83       204
   macro avg       0.84      0.83      0.83       204
weighted avg       0.84      0.83      0.83       204
=====================================================
Epoch: 22
[[41  8  0  2]
 [ 1 41  2  7]
 [ 0  1 36 14]
 [ 0  0  3 48]]
OA: 81%
Cohen's kappa: 0.75
              precision    recall  f1-score   support

           0       0.98      0.80      0.88        51
           1       0.82      0.80      0.81        51
           2       0.88      0.71      0.78        51
           3       0.68      0.94      0.79        51

   micro avg       0.81      0.81      0.81       204
   macro avg       0.84      0.81      0.82       204
weighted avg       0.84      0.81      0.82       204
=====================================================
Epoch: 23
[[44  6  0  1]
 [ 2 46  2  1]
 [ 1  3 42  5]
 [ 0  1 10 40]]
OA: 84%
Cohen's kappa: 0.79
              precision    recall  f1-score   support

           0       0.94      0.86      0.90        51
           1       0.82      0.90      0.86        51
           2       0.78      0.82      0.80        51
           3       0.85      0.78      0.82        51

   micro avg       0.84      0.84      0.84       204
   macro avg       0.85      0.84      0.84       204
weighted avg       0.85      0.84      0.84       204
=====================================================
Epoch: 24
[[44  7  0  0]
 [ 1 45  3  2]
 [ 0  4 36 11]
 [ 0  0  8 43]]
OA: 82%
Cohen's kappa: 0.76
              precision    recall  f1-score   support

           0       0.98      0.86      0.92        51
           1       0.80      0.88      0.84        51
           2       0.77      0.71      0.73        51
           3       0.77      0.84      0.80        51

   micro avg       0.82      0.82      0.82       204
   macro avg       0.83      0.82      0.82       204
weighted avg       0.83      0.82      0.82       204
=====================================================
Epoch: 25
[[43  7  0  1]
 [ 1 44  3  3]
 [ 0  4 44  3]
 [ 0  1  9 41]]
OA: 84%
Cohen's kappa: 0.79
              precision    recall  f1-score   support

           0       0.98      0.84      0.91        51
           1       0.79      0.86      0.82        51
           2       0.79      0.86      0.82        51
           3       0.85      0.80      0.83        51

   micro avg       0.84      0.84      0.84       204
   macro avg       0.85      0.84      0.84       204
weighted avg       0.85      0.84      0.84       204
=====================================================
Epoch: 26
[[47  4  0  0]
 [ 2 45  2  2]
 [ 1  8 38  4]
 [ 5  6  8 32]]
OA: 79%
Cohen's kappa: 0.72
              precision    recall  f1-score   support

           0       0.85      0.92      0.89        51
           1       0.71      0.88      0.79        51
           2       0.79      0.75      0.77        51
           3       0.84      0.63      0.72        51

   micro avg       0.79      0.79      0.79       204
   macro avg       0.80      0.79      0.79       204
weighted avg       0.80      0.79      0.79       204
=====================================================
Epoch: 27
[[35 15  0  1]
 [ 1 47  2  1]
 [ 0  6 37  8]
 [ 0  1  3 47]]
OA: 81%
Cohen's kappa: 0.75
              precision    recall  f1-score   support

           0       0.97      0.69      0.80        51
           1       0.68      0.92      0.78        51
           2       0.88      0.73      0.80        51
           3       0.82      0.92      0.87        51

   micro avg       0.81      0.81      0.81       204
   macro avg       0.84      0.81      0.81       204
weighted avg       0.84      0.81      0.81       204
=====================================================
Epoch: 28
[[44  7  0  0]
 [ 2 44  4  1]
 [ 0  4 41  6]
 [ 0  2  6 43]]
OA: 84%
Cohen's kappa: 0.79
              precision    recall  f1-score   support

           0       0.96      0.86      0.91        51
           1       0.77      0.86      0.81        51
           2       0.80      0.80      0.80        51
           3       0.86      0.84      0.85        51

   micro avg       0.84      0.84      0.84       204
   macro avg       0.85      0.84      0.84       204
weighted avg       0.85      0.84      0.84       204
=====================================================
Epoch: 29
[[46  4  0  1]
 [ 2 46  2  1]
 [ 0  3 41  7]
 [ 0  0  5 46]]
OA: 87%
Cohen's kappa: 0.83
              precision    recall  f1-score   support

           0       0.96      0.90      0.93        51
           1       0.87      0.90      0.88        51
           2       0.85      0.80      0.83        51
           3       0.84      0.90      0.87        51

   micro avg       0.88      0.88      0.88       204
   macro avg       0.88      0.88      0.88       204
weighted avg       0.88      0.88      0.88       204
=====================================================
Epoch: 30
[[46  3  0  2]
 [ 1 41  7  2]
 [ 0  2 40  9]
 [ 0  0  5 46]]
OA: 84%
Cohen's kappa: 0.79
              precision    recall  f1-score   support

           0       0.98      0.90      0.94        51
           1       0.89      0.80      0.85        51
           2       0.77      0.78      0.78        51
           3       0.78      0.90      0.84        51

   micro avg       0.85      0.85      0.85       204
   macro avg       0.85      0.85      0.85       204
weighted avg       0.85      0.85      0.85       204
=====================================================
Epoch: 31
[[44  7  0  0]
 [ 1 46  3  1]
 [ 0  3 46  2]
 [ 0  1  8 42]]
OA: 87%
Cohen's kappa: 0.83
              precision    recall  f1-score   support

           0       0.98      0.86      0.92        51
           1       0.81      0.90      0.85        51
           2       0.81      0.90      0.85        51
           3       0.93      0.82      0.87        51

   micro avg       0.87      0.87      0.87       204
   macro avg       0.88      0.87      0.87       204
weighted avg       0.88      0.87      0.87       204
=====================================================
Epoch: 32
[[47  4  0  0]
 [ 5 43  1  2]
 [ 0  2 40  9]
 [ 0  0  5 46]]
OA: 86%
Cohen's kappa: 0.81
              precision    recall  f1-score   support

           0       0.90      0.92      0.91        51
           1       0.88      0.84      0.86        51
           2       0.87      0.78      0.82        51
           3       0.81      0.90      0.85        51

   micro avg       0.86      0.86      0.86       204
   macro avg       0.86      0.86      0.86       204
weighted avg       0.86      0.86      0.86       204
=====================================================
Epoch: 33
[[48  3  0  0]
 [ 6 40  3  2]
 [ 0  2 42  7]
 [ 3  1 10 37]]
OA: 81%
Cohen's kappa: 0.75
              precision    recall  f1-score   support

           0       0.84      0.94      0.89        51
           1       0.87      0.78      0.82        51
           2       0.76      0.82      0.79        51
           3       0.80      0.73      0.76        51

   micro avg       0.82      0.82      0.82       204
   macro avg       0.82      0.82      0.82       204
weighted avg       0.82      0.82      0.82       204
=====================================================
Epoch: 34
[[45  5  1  0]
 [ 4 42  5  0]
 [ 0  2 41  8]
 [ 0  0 19 32]]
OA: 78%
Cohen's kappa: 0.71
              precision    recall  f1-score   support

           0       0.92      0.88      0.90        51
           1       0.86      0.82      0.84        51
           2       0.62      0.80      0.70        51
           3       0.80      0.63      0.70        51

   micro avg       0.78      0.78      0.78       204
   macro avg       0.80      0.78      0.79       204
weighted avg       0.80      0.78      0.79       204
=====================================================
Epoch: 35
[[46  5  0  0]
 [ 3 45  2  1]
 [ 0  3 34 14]
 [ 1  2  4 44]]
OA: 82%
Cohen's kappa: 0.77
              precision    recall  f1-score   support

           0       0.92      0.90      0.91        51
           1       0.82      0.88      0.85        51
           2       0.85      0.67      0.75        51
           3       0.75      0.86      0.80        51

   micro avg       0.83      0.83      0.83       204
   macro avg       0.83      0.83      0.83       204
weighted avg       0.83      0.83      0.83       204
=====================================================
Epoch: 36
[[44  4  1  2]
 [ 2 46  2  1]
 [ 0  3 38 10]
 [ 0  0  9 42]]
OA: 83%
Cohen's kappa: 0.77
              precision    recall  f1-score   support

           0       0.96      0.86      0.91        51
           1       0.87      0.90      0.88        51
           2       0.76      0.75      0.75        51
           3       0.76      0.82      0.79        51

   micro avg       0.83      0.83      0.83       204
   macro avg       0.84      0.83      0.83       204
weighted avg       0.84      0.83      0.83       204
=====================================================
Epoch: 37
[[49  2  0  0]
 [ 5 42  3  1]
 [ 0  4 35 12]
 [ 1  2  3 45]]
OA: 83%
Cohen's kappa: 0.78
              precision    recall  f1-score   support

           0       0.89      0.96      0.92        51
           1       0.84      0.82      0.83        51
           2       0.85      0.69      0.76        51
           3       0.78      0.88      0.83        51

   micro avg       0.84      0.84      0.84       204
   macro avg       0.84      0.84      0.84       204
weighted avg       0.84      0.84      0.84       204
=====================================================
Epoch: 38
[[45  4  0  2]
 [ 1 46  3  1]
 [ 0  7 37  7]
 [ 0  2  5 44]]
OA: 84%
Cohen's kappa: 0.79
              precision    recall  f1-score   support

           0       0.98      0.88      0.93        51
           1       0.78      0.90      0.84        51
           2       0.82      0.73      0.77        51
           3       0.81      0.86      0.84        51

   micro avg       0.84      0.84      0.84       204
   macro avg       0.85      0.84      0.84       204
weighted avg       0.85      0.84      0.84       204
=====================================================
Epoch: 39
[[46  4  0  1]
 [ 3 44  3  1]
 [ 0  2 42  7]
 [ 1  0  7 43]]
OA: 85%
Cohen's kappa: 0.81
              precision    recall  f1-score   support

           0       0.92      0.90      0.91        51
           1       0.88      0.86      0.87        51
           2       0.81      0.82      0.82        51
           3       0.83      0.84      0.83        51

   micro avg       0.86      0.86      0.86       204
   macro avg       0.86      0.86      0.86       204
weighted avg       0.86      0.86      0.86       204
=====================================================
Epoch: 40
[[47  2  0  2]
 [ 2 42  6  1]
 [ 0  4 40  7]
 [ 2  3  6 40]]
OA: 82%
Cohen's kappa: 0.77
              precision    recall  f1-score   support

           0       0.92      0.92      0.92        51
           1       0.82      0.82      0.82        51
           2       0.77      0.78      0.78        51
           3       0.80      0.78      0.79        51

   micro avg       0.83      0.83      0.83       204
   macro avg       0.83      0.83      0.83       204
weighted avg       0.83      0.83      0.83       204
=====================================================
Epoch: 41
[[42  6  2  1]
 [ 3 43  4  1]
 [ 0  3 43  5]
 [ 0  1  9 41]]
OA: 82%
Cohen's kappa: 0.77
              precision    recall  f1-score   support

           0       0.93      0.82      0.87        51
           1       0.81      0.84      0.83        51
           2       0.74      0.84      0.79        51
           3       0.85      0.80      0.83        51

   micro avg       0.83      0.83      0.83       204
   macro avg       0.84      0.83      0.83       204
weighted avg       0.84      0.83      0.83       204
=====================================================
Epoch: 42
[[45  6  0  0]
 [ 4 42  4  1]
 [ 0  6 36  9]
 [ 0  2  5 44]]
OA: 81%
Cohen's kappa: 0.75
              precision    recall  f1-score   support

           0       0.92      0.88      0.90        51
           1       0.75      0.82      0.79        51
           2       0.80      0.71      0.75        51
           3       0.81      0.86      0.84        51

   micro avg       0.82      0.82      0.82       204
   macro avg       0.82      0.82      0.82       204
weighted avg       0.82      0.82      0.82       204
=====================================================
Epoch: 43
[[45  4  0  2]
 [ 3 42  5  1]
 [ 1  3 41  6]
 [ 2  0  6 43]]
OA: 83%
Cohen's kappa: 0.78
              precision    recall  f1-score   support

           0       0.88      0.88      0.88        51
           1       0.86      0.82      0.84        51
           2       0.79      0.80      0.80        51
           3       0.83      0.84      0.83        51

   micro avg       0.84      0.84      0.84       204
   macro avg       0.84      0.84      0.84       204
weighted avg       0.84      0.84      0.84       204
=====================================================
Epoch: 44
[[46  4  0  1]
 [ 2 45  3  1]
 [ 0  3 44  4]
 [ 2  1  6 42]]
OA: 86%
Cohen's kappa: 0.82
              precision    recall  f1-score   support

           0       0.92      0.90      0.91        51
           1       0.85      0.88      0.87        51
           2       0.83      0.86      0.85        51
           3       0.88      0.82      0.85        51

   micro avg       0.87      0.87      0.87       204
   macro avg       0.87      0.87      0.87       204
weighted avg       0.87      0.87      0.87       204
