=====================================================
Epoch: 1
[[32 14  0  5]
 [ 5 15 26  5]
 [ 1  3 44  3]
 [ 4 10 17 20]]
OA: 54%
Cohen's kappa: 0.39
              precision    recall  f1-score   support

           0       0.76      0.63      0.69        51
           1       0.36      0.29      0.32        51
           2       0.51      0.86      0.64        51
           3       0.61      0.39      0.48        51

   micro avg       0.54      0.54      0.54       204
   macro avg       0.56      0.54      0.53       204
weighted avg       0.56      0.54      0.53       204
