=====================================================
Epoch: 1
[[ 5 11  9  4]
 [ 1 21  3  4]
 [ 3  0 23  3]
 [ 0  0 11 18]]
OA: 57%
Cohen's kappa: 0.43
              precision    recall  f1-score   support

           0       0.56      0.17      0.26        29
           1       0.66      0.72      0.69        29
           2       0.50      0.79      0.61        29
           3       0.62      0.62      0.62        29

   micro avg       0.58      0.58      0.58       116
   macro avg       0.58      0.58      0.55       116
weighted avg       0.58      0.58      0.55       116
=====================================================
Epoch: 2
[[11  0  2 16]
 [16  7  1  5]
 [ 1  0 21  7]
 [ 0  0  7 22]]
OA: 52%
Cohen's kappa: 0.36
              precision    recall  f1-score   support

           0       0.39      0.38      0.39        29
           1       1.00      0.24      0.39        29
           2       0.68      0.72      0.70        29
           3       0.44      0.76      0.56        29

   micro avg       0.53      0.53      0.53       116
   macro avg       0.63      0.53      0.51       116
weighted avg       0.63      0.53      0.51       116
=====================================================
Epoch: 3
[[ 8  2  2 17]
 [10 11  0  8]
 [ 0  0 14 15]
 [ 0  0  0 29]]
OA: 53%
Cohen's kappa: 0.37
              precision    recall  f1-score   support

           0       0.44      0.28      0.34        29
           1       0.85      0.38      0.52        29
           2       0.88      0.48      0.62        29
           3       0.42      1.00      0.59        29

   micro avg       0.53      0.53      0.53       116
   macro avg       0.65      0.53      0.52       116
weighted avg       0.65      0.53      0.52       116
=====================================================
Epoch: 4
[[ 3 21  2  3]
 [ 4 25  0  0]
 [ 4  2 19  4]
 [ 0  1  2 26]]
OA: 62%
Cohen's kappa: 0.5
              precision    recall  f1-score   support

           0       0.27      0.10      0.15        29
           1       0.51      0.86      0.64        29
           2       0.83      0.66      0.73        29
           3       0.79      0.90      0.84        29

   micro avg       0.63      0.63      0.63       116
   macro avg       0.60      0.63      0.59       116
weighted avg       0.60      0.63      0.59       116
