=====================================================
Epoch: 1
[[118  13   9   9]
 [  8 132   7   2]
 [  1   1 147   0]
 [ 58   6  56  29]]
OA: 71%
Cohen's kappa: 0.61
              precision    recall  f1-score   support

           0       0.64      0.79      0.71       149
           1       0.87      0.89      0.88       149
           2       0.67      0.99      0.80       149
           3       0.72      0.19      0.31       149

   micro avg       0.71      0.71      0.71       596
   macro avg       0.73      0.71      0.67       596
weighted avg       0.73      0.71      0.67       596
=====================================================
Epoch: 2
[[119   4   2  24]
 [ 12 126   0  11]
 [  1   0 140   8]
 [ 47   5  32  65]]
OA: 75%
Cohen's kappa: 0.67
              precision    recall  f1-score   support

           0       0.66      0.80      0.73       149
           1       0.93      0.85      0.89       149
           2       0.80      0.94      0.87       149
           3       0.60      0.44      0.51       149

   micro avg       0.76      0.76      0.76       596
   macro avg       0.75      0.76      0.75       596
weighted avg       0.75      0.76      0.75       596
=====================================================
Epoch: 3
[[113  16   5  15]
 [  3 145   1   0]
 [  0  10 138   1]
 [ 36  21  36  56]]
OA: 75%
Cohen's kappa: 0.67
              precision    recall  f1-score   support

           0       0.74      0.76      0.75       149
           1       0.76      0.97      0.85       149
           2       0.77      0.93      0.84       149
           3       0.78      0.38      0.51       149

   micro avg       0.76      0.76      0.76       596
   macro avg       0.76      0.76      0.74       596
weighted avg       0.76      0.76      0.74       596
=====================================================
Epoch: 4
[[ 77  25   7  40]
 [  1 146   2   0]
 [  0   3 142   4]
 [ 16  11  56  66]]
OA: 72%
Cohen's kappa: 0.63
              precision    recall  f1-score   support

           0       0.82      0.52      0.63       149
           1       0.79      0.98      0.87       149
           2       0.69      0.95      0.80       149
           3       0.60      0.44      0.51       149

   micro avg       0.72      0.72      0.72       596
   macro avg       0.72      0.72      0.70       596
weighted avg       0.72      0.72      0.70       596
=====================================================
Epoch: 5
[[ 86   2   2  59]
 [ 29 117   0   3]
 [  0   1 138  10]
 [ 12   1  22 114]]
OA: 76%
Cohen's kappa: 0.68
              precision    recall  f1-score   support

           0       0.68      0.58      0.62       149
           1       0.97      0.79      0.87       149
           2       0.85      0.93      0.89       149
           3       0.61      0.77      0.68       149

   micro avg       0.76      0.76      0.76       596
   macro avg       0.78      0.76      0.76       596
weighted avg       0.78      0.76      0.76       596
=====================================================
Epoch: 6
[[118  11   0  20]
 [  2 146   0   1]
 [  1   0 144   4]
 [ 40   4  27  78]]
OA: 81%
Cohen's kappa: 0.75
              precision    recall  f1-score   support

           0       0.73      0.79      0.76       149
           1       0.91      0.98      0.94       149
           2       0.84      0.97      0.90       149
           3       0.76      0.52      0.62       149

   micro avg       0.82      0.82      0.82       596
   macro avg       0.81      0.82      0.81       596
weighted avg       0.81      0.82      0.81       596
=====================================================
Epoch: 7
[[115   7   3  24]
 [  4 144   1   0]
 [  0   0 146   3]
 [ 30   3  36  80]]
OA: 81%
Cohen's kappa: 0.75
              precision    recall  f1-score   support

           0       0.77      0.77      0.77       149
           1       0.94      0.97      0.95       149
           2       0.78      0.98      0.87       149
           3       0.75      0.54      0.62       149

   micro avg       0.81      0.81      0.81       596
   macro avg       0.81      0.81      0.80       596
weighted avg       0.81      0.81      0.80       596
=====================================================
Epoch: 8
[[121   6   0  22]
 [ 14 135   0   0]
 [  2   2 138   7]
 [ 32   3  24  90]]
OA: 81%
Cohen's kappa: 0.74
              precision    recall  f1-score   support

           0       0.72      0.81      0.76       149
           1       0.92      0.91      0.92       149
           2       0.85      0.93      0.89       149
           3       0.76      0.60      0.67       149

   micro avg       0.81      0.81      0.81       596
   macro avg       0.81      0.81      0.81       596
weighted avg       0.81      0.81      0.81       596
=====================================================
Epoch: 9
[[123   9   3  14]
 [  2 147   0   0]
 [  1   0 141   7]
 [ 33   6  30  80]]
OA: 82%
Cohen's kappa: 0.76
              precision    recall  f1-score   support

           0       0.77      0.83      0.80       149
           1       0.91      0.99      0.95       149
           2       0.81      0.95      0.87       149
           3       0.79      0.54      0.64       149

   micro avg       0.82      0.82      0.82       596
   macro avg       0.82      0.82      0.81       596
weighted avg       0.82      0.82      0.81       596
=====================================================
Epoch: 10
[[105   7   5  32]
 [  4 138   0   7]
 [  0   0 137  12]
 [ 18   2  35  94]]
OA: 79%
Cohen's kappa: 0.72
              precision    recall  f1-score   support

           0       0.83      0.70      0.76       149
           1       0.94      0.93      0.93       149
           2       0.77      0.92      0.84       149
           3       0.65      0.63      0.64       149

   micro avg       0.80      0.80      0.80       596
   macro avg       0.80      0.80      0.79       596
weighted avg       0.80      0.80      0.79       596
=====================================================
Epoch: 11
[[121   4   2  22]
 [ 10 139   0   0]
 [  0   0 146   3]
 [ 23   3  40  83]]
OA: 82%
Cohen's kappa: 0.76
              precision    recall  f1-score   support

           0       0.79      0.81      0.80       149
           1       0.95      0.93      0.94       149
           2       0.78      0.98      0.87       149
           3       0.77      0.56      0.65       149

   micro avg       0.82      0.82      0.82       596
   macro avg       0.82      0.82      0.81       596
weighted avg       0.82      0.82      0.81       596
=====================================================
Epoch: 12
[[ 92   6   6  45]
 [  6 139   2   2]
 [  0   0 147   2]
 [  9   1  55  84]]
OA: 77%
Cohen's kappa: 0.7
              precision    recall  f1-score   support

           0       0.86      0.62      0.72       149
           1       0.95      0.93      0.94       149
           2       0.70      0.99      0.82       149
           3       0.63      0.56      0.60       149

   micro avg       0.78      0.78      0.78       596
   macro avg       0.79      0.78      0.77       596
weighted avg       0.79      0.78      0.77       596
=====================================================
Epoch: 13
[[126  16   0   7]
 [  2 145   0   2]
 [  4   0 140   5]
 [ 54   7  27  61]]
OA: 79%
Cohen's kappa: 0.72
              precision    recall  f1-score   support

           0       0.68      0.85      0.75       149
           1       0.86      0.97      0.91       149
           2       0.84      0.94      0.89       149
           3       0.81      0.41      0.54       149

   micro avg       0.79      0.79      0.79       596
   macro avg       0.80      0.79      0.77       596
weighted avg       0.80      0.79      0.77       596
=====================================================
Epoch: 14
[[121   6   2  20]
 [  9 140   0   0]
 [  0   0 144   5]
 [ 29   2  27  91]]
OA: 83%
Cohen's kappa: 0.77
              precision    recall  f1-score   support

           0       0.76      0.81      0.79       149
           1       0.95      0.94      0.94       149
           2       0.83      0.97      0.89       149
           3       0.78      0.61      0.69       149

   micro avg       0.83      0.83      0.83       596
   macro avg       0.83      0.83      0.83       596
weighted avg       0.83      0.83      0.83       596
=====================================================
Epoch: 15
[[108  11   2  28]
 [  0 148   0   1]
 [  0   0 145   4]
 [ 16   2  31 100]]
OA: 84%
Cohen's kappa: 0.78
              precision    recall  f1-score   support

           0       0.87      0.72      0.79       149
           1       0.92      0.99      0.95       149
           2       0.81      0.97      0.89       149
           3       0.75      0.67      0.71       149

   micro avg       0.84      0.84      0.84       596
   macro avg       0.84      0.84      0.84       596
weighted avg       0.84      0.84      0.84       596
=====================================================
Epoch: 16
[[104  23   3  19]
 [  0 148   1   0]
 [  0   0 147   2]
 [ 25   4  42  78]]
OA: 80%
Cohen's kappa: 0.73
              precision    recall  f1-score   support

           0       0.81      0.70      0.75       149
           1       0.85      0.99      0.91       149
           2       0.76      0.99      0.86       149
           3       0.79      0.52      0.63       149

   micro avg       0.80      0.80      0.80       596
   macro avg       0.80      0.80      0.79       596
weighted avg       0.80      0.80      0.79       596
=====================================================
Epoch: 17
[[122   5   4  18]
 [  6 135   7   1]
 [  1   0 147   1]
 [ 26   1  49  73]]
OA: 80%
Cohen's kappa: 0.73
              precision    recall  f1-score   support

           0       0.79      0.82      0.80       149
           1       0.96      0.91      0.93       149
           2       0.71      0.99      0.83       149
           3       0.78      0.49      0.60       149

   micro avg       0.80      0.80      0.80       596
   macro avg       0.81      0.80      0.79       596
weighted avg       0.81      0.80      0.79       596
=====================================================
Epoch: 18
[[133   6   1   9]
 [  8 141   0   0]
 [  1   0 145   3]
 [ 46   2  36  65]]
OA: 81%
Cohen's kappa: 0.74
              precision    recall  f1-score   support

           0       0.71      0.89      0.79       149
           1       0.95      0.95      0.95       149
           2       0.80      0.97      0.88       149
           3       0.84      0.44      0.58       149

   micro avg       0.81      0.81      0.81       596
   macro avg       0.82      0.81      0.80       596
weighted avg       0.82      0.81      0.80       596
=====================================================
Epoch: 19
[[124   9   0  16]
 [  4 145   0   0]
 [  0   2 129  18]
 [ 26   4  11 108]]
OA: 84%
Cohen's kappa: 0.79
              precision    recall  f1-score   support

           0       0.81      0.83      0.82       149
           1       0.91      0.97      0.94       149
           2       0.92      0.87      0.89       149
           3       0.76      0.72      0.74       149

   micro avg       0.85      0.85      0.85       596
   macro avg       0.85      0.85      0.85       596
weighted avg       0.85      0.85      0.85       596
=====================================================
Epoch: 20
[[116   9   1  23]
 [  2 147   0   0]
 [  0   0 143   6]
 [ 21   2  24 102]]
OA: 85%
Cohen's kappa: 0.8
              precision    recall  f1-score   support

           0       0.83      0.78      0.81       149
           1       0.93      0.99      0.96       149
           2       0.85      0.96      0.90       149
           3       0.78      0.68      0.73       149

   micro avg       0.85      0.85      0.85       596
   macro avg       0.85      0.85      0.85       596
weighted avg       0.85      0.85      0.85       596
=====================================================
Epoch: 21
[[122  16   0  11]
 [  1 147   1   0]
 [  1   1 144   3]
 [ 40  10  24  75]]
OA: 81%
Cohen's kappa: 0.75
              precision    recall  f1-score   support

           0       0.74      0.82      0.78       149
           1       0.84      0.99      0.91       149
           2       0.85      0.97      0.91       149
           3       0.84      0.50      0.63       149

   micro avg       0.82      0.82      0.82       596
   macro avg       0.82      0.82      0.81       596
weighted avg       0.82      0.82      0.81       596
=====================================================
Epoch: 22
[[135   7   0   7]
 [  4 143   1   1]
 [  1   0 145   3]
 [ 49   2  37  61]]
OA: 81%
Cohen's kappa: 0.74
              precision    recall  f1-score   support

           0       0.71      0.91      0.80       149
           1       0.94      0.96      0.95       149
           2       0.79      0.97      0.87       149
           3       0.85      0.41      0.55       149

   micro avg       0.81      0.81      0.81       596
   macro avg       0.82      0.81      0.79       596
weighted avg       0.82      0.81      0.79       596
=====================================================
Epoch: 23
[[113   1  11  24]
 [ 10 134   3   2]
 [  0   0 148   1]
 [ 11   1  65  72]]
OA: 78%
Cohen's kappa: 0.71
              precision    recall  f1-score   support

           0       0.84      0.76      0.80       149
           1       0.99      0.90      0.94       149
           2       0.65      0.99      0.79       149
           3       0.73      0.48      0.58       149

   micro avg       0.78      0.78      0.78       596
   macro avg       0.80      0.78      0.78       596
weighted avg       0.80      0.78      0.78       596
=====================================================
Epoch: 24
[[121  10   1  17]
 [  3 145   1   0]
 [  0   0 145   4]
 [ 26   4  35  84]]
OA: 83%
Cohen's kappa: 0.77
              precision    recall  f1-score   support

           0       0.81      0.81      0.81       149
           1       0.91      0.97      0.94       149
           2       0.80      0.97      0.88       149
           3       0.80      0.56      0.66       149

   micro avg       0.83      0.83      0.83       596
   macro avg       0.83      0.83      0.82       596
weighted avg       0.83      0.83      0.82       596
=====================================================
Epoch: 25
[[105   4   3  37]
 [  3 138   1   7]
 [  0   0 145   4]
 [ 11   2  33 103]]
OA: 82%
Cohen's kappa: 0.76
              precision    recall  f1-score   support

           0       0.88      0.70      0.78       149
           1       0.96      0.93      0.94       149
           2       0.80      0.97      0.88       149
           3       0.68      0.69      0.69       149

   micro avg       0.82      0.82      0.82       596
   macro avg       0.83      0.82      0.82       596
weighted avg       0.83      0.82      0.82       596
=====================================================
Epoch: 26
[[106   6   1  36]
 [  3 143   1   2]
 [  0   0 145   4]
 [ 11   2  30 106]]
OA: 83%
Cohen's kappa: 0.78
              precision    recall  f1-score   support

           0       0.88      0.71      0.79       149
           1       0.95      0.96      0.95       149
           2       0.82      0.97      0.89       149
           3       0.72      0.71      0.71       149

   micro avg       0.84      0.84      0.84       596
   macro avg       0.84      0.84      0.84       596
weighted avg       0.84      0.84      0.84       596
=====================================================
Epoch: 27
[[124  11   0  14]
 [  1 148   0   0]
 [  0   1 144   4]
 [ 29   4  38  78]]
OA: 82%
Cohen's kappa: 0.77
              precision    recall  f1-score   support

           0       0.81      0.83      0.82       149
           1       0.90      0.99      0.95       149
           2       0.79      0.97      0.87       149
           3       0.81      0.52      0.64       149

   micro avg       0.83      0.83      0.83       596
   macro avg       0.83      0.83      0.82       596
weighted avg       0.83      0.83      0.82       596
=====================================================
Epoch: 28
[[130   4   1  14]
 [  5 143   1   0]
 [  1   0 144   4]
 [ 37   2  36  74]]
OA: 82%
Cohen's kappa: 0.76
              precision    recall  f1-score   support

           0       0.75      0.87      0.81       149
           1       0.96      0.96      0.96       149
           2       0.79      0.97      0.87       149
           3       0.80      0.50      0.61       149

   micro avg       0.82      0.82      0.82       596
   macro avg       0.83      0.82      0.81       596
weighted avg       0.83      0.82      0.81       596
=====================================================
Epoch: 29
[[133   7   0   9]
 [  6 143   0   0]
 [  0   0 145   4]
 [ 32   2  34  81]]
OA: 84%
Cohen's kappa: 0.78
              precision    recall  f1-score   support

           0       0.78      0.89      0.83       149
           1       0.94      0.96      0.95       149
           2       0.81      0.97      0.88       149
           3       0.86      0.54      0.67       149

   micro avg       0.84      0.84      0.84       596
   macro avg       0.85      0.84      0.83       596
weighted avg       0.85      0.84      0.83       596
=====================================================
Epoch: 30
[[125   9   1  14]
 [  5 144   0   0]
 [  0   0 145   4]
 [ 28   2  29  90]]
OA: 84%
Cohen's kappa: 0.79
              precision    recall  f1-score   support

           0       0.79      0.84      0.81       149
           1       0.93      0.97      0.95       149
           2       0.83      0.97      0.90       149
           3       0.83      0.60      0.70       149

   micro avg       0.85      0.85      0.85       596
   macro avg       0.85      0.85      0.84       596
weighted avg       0.85      0.85      0.84       596
=====================================================
Epoch: 31
[[127   3   4  15]
 [ 10 135   3   1]
 [  0   0 148   1]
 [ 25   1  54  69]]
OA: 80%
Cohen's kappa: 0.73
              precision    recall  f1-score   support

           0       0.78      0.85      0.82       149
           1       0.97      0.91      0.94       149
           2       0.71      0.99      0.83       149
           3       0.80      0.46      0.59       149

   micro avg       0.80      0.80      0.80       596
   macro avg       0.82      0.80      0.79       596
weighted avg       0.82      0.80      0.79       596
=====================================================
Epoch: 32
[[128   3   0  18]
 [  4 144   1   0]
 [  0   0 144   5]
 [ 25   1  34  89]]
OA: 84%
Cohen's kappa: 0.79
              precision    recall  f1-score   support

           0       0.82      0.86      0.84       149
           1       0.97      0.97      0.97       149
           2       0.80      0.97      0.88       149
           3       0.79      0.60      0.68       149

   micro avg       0.85      0.85      0.85       596
   macro avg       0.85      0.85      0.84       596
weighted avg       0.85      0.85      0.84       596
=====================================================
Epoch: 33
[[135   6   0   8]
 [  7 141   0   1]
 [  0   0 144   5]
 [ 35   2  29  83]]
OA: 84%
Cohen's kappa: 0.79
              precision    recall  f1-score   support

           0       0.76      0.91      0.83       149
           1       0.95      0.95      0.95       149
           2       0.83      0.97      0.89       149
           3       0.86      0.56      0.67       149

   micro avg       0.84      0.84      0.84       596
   macro avg       0.85      0.84      0.84       596
weighted avg       0.85      0.84      0.84       596
=====================================================
Epoch: 34
[[131   9   0   9]
 [  1 146   0   2]
 [  0   0 141   8]
 [ 36   2  24  87]]
OA: 84%
Cohen's kappa: 0.79
              precision    recall  f1-score   support

           0       0.78      0.88      0.83       149
           1       0.93      0.98      0.95       149
           2       0.85      0.95      0.90       149
           3       0.82      0.58      0.68       149

   micro avg       0.85      0.85      0.85       596
   macro avg       0.85      0.85      0.84       596
weighted avg       0.85      0.85      0.84       596
=====================================================
Epoch: 35
[[139   3   1   6]
 [ 11 136   0   2]
 [  0   0 147   2]
 [ 41   1  43  64]]
OA: 81%
Cohen's kappa: 0.75
              precision    recall  f1-score   support

           0       0.73      0.93      0.82       149
           1       0.97      0.91      0.94       149
           2       0.77      0.99      0.86       149
           3       0.86      0.43      0.57       149

   micro avg       0.82      0.82      0.82       596
   macro avg       0.83      0.82      0.80       596
weighted avg       0.83      0.82      0.80       596
=====================================================
Epoch: 36
[[144   3   1   1]
 [  9 140   0   0]
 [  1   0 144   4]
 [ 57   4  31  57]]
OA: 81%
Cohen's kappa: 0.75
              precision    recall  f1-score   support

           0       0.68      0.97      0.80       149
           1       0.95      0.94      0.95       149
           2       0.82      0.97      0.89       149
           3       0.92      0.38      0.54       149

   micro avg       0.81      0.81      0.81       596
   macro avg       0.84      0.81      0.79       596
weighted avg       0.84      0.81      0.79       596
=====================================================
Epoch: 37
[[104   6   1  38]
 [  3 144   0   2]
 [  0   0 145   4]
 [  8   1  30 110]]
OA: 84%
Cohen's kappa: 0.79
              precision    recall  f1-score   support

           0       0.90      0.70      0.79       149
           1       0.95      0.97      0.96       149
           2       0.82      0.97      0.89       149
           3       0.71      0.74      0.73       149

   micro avg       0.84      0.84      0.84       596
   macro avg       0.85      0.84      0.84       596
weighted avg       0.85      0.84      0.84       596
=====================================================
Epoch: 38
[[128   5   0  16]
 [ 12 137   0   0]
 [  0   0 143   6]
 [ 24   2  25  98]]
OA: 84%
Cohen's kappa: 0.79
              precision    recall  f1-score   support

           0       0.78      0.86      0.82       149
           1       0.95      0.92      0.94       149
           2       0.85      0.96      0.90       149
           3       0.82      0.66      0.73       149

   micro avg       0.85      0.85      0.85       596
   macro avg       0.85      0.85      0.85       596
weighted avg       0.85      0.85      0.85       596
=====================================================
Epoch: 39
[[122   9   2  16]
 [  1 148   0   0]
 [  0   0 144   5]
 [ 20   2  30  97]]
OA: 85%
Cohen's kappa: 0.8
              precision    recall  f1-score   support

           0       0.85      0.82      0.84       149
           1       0.93      0.99      0.96       149
           2       0.82      0.97      0.89       149
           3       0.82      0.65      0.73       149

   micro avg       0.86      0.86      0.86       596
   macro avg       0.86      0.86      0.85       596
weighted avg       0.86      0.86      0.85       596
=====================================================
Epoch: 40
[[128   7   2  12]
 [  3 146   0   0]
 [  0   0 146   3]
 [ 26   1  36  86]]
OA: 84%
Cohen's kappa: 0.79
              precision    recall  f1-score   support

           0       0.82      0.86      0.84       149
           1       0.95      0.98      0.96       149
           2       0.79      0.98      0.88       149
           3       0.85      0.58      0.69       149

   micro avg       0.85      0.85      0.85       596
   macro avg       0.85      0.85      0.84       596
weighted avg       0.85      0.85      0.84       596
=====================================================
Epoch: 41
[[123   5   0  21]
 [  4 142   0   3]
 [  0   0 144   5]
 [ 16   1  29 103]]
OA: 85%
Cohen's kappa: 0.81
              precision    recall  f1-score   support

           0       0.86      0.83      0.84       149
           1       0.96      0.95      0.96       149
           2       0.83      0.97      0.89       149
           3       0.78      0.69      0.73       149

   micro avg       0.86      0.86      0.86       596
   macro avg       0.86      0.86      0.86       596
weighted avg       0.86      0.86      0.86       596
=====================================================
Epoch: 42
[[137   2   1   9]
 [ 13 135   0   1]
 [  0   0 146   3]
 [ 39   0  34  76]]
OA: 82%
Cohen's kappa: 0.77
              precision    recall  f1-score   support

           0       0.72      0.92      0.81       149
           1       0.99      0.91      0.94       149
           2       0.81      0.98      0.88       149
           3       0.85      0.51      0.64       149

   micro avg       0.83      0.83      0.83       596
   macro avg       0.84      0.83      0.82       596
weighted avg       0.84      0.83      0.82       596
=====================================================
Epoch: 43
[[124   3   2  20]
 [  9 139   0   1]
 [  0   0 147   2]
 [ 20   2  37  90]]
OA: 83%
Cohen's kappa: 0.78
              precision    recall  f1-score   support

           0       0.81      0.83      0.82       149
           1       0.97      0.93      0.95       149
           2       0.79      0.99      0.88       149
           3       0.80      0.60      0.69       149

   micro avg       0.84      0.84      0.84       596
   macro avg       0.84      0.84      0.83       596
weighted avg       0.84      0.84      0.83       596
=====================================================
Epoch: 44
[[140   4   1   4]
 [ 10 138   0   1]
 [  0   0 147   2]
 [ 40   0  41  68]]
OA: 82%
Cohen's kappa: 0.76
              precision    recall  f1-score   support

           0       0.74      0.94      0.83       149
           1       0.97      0.93      0.95       149
           2       0.78      0.99      0.87       149
           3       0.91      0.46      0.61       149

   micro avg       0.83      0.83      0.83       596
   macro avg       0.85      0.83      0.81       596
weighted avg       0.85      0.83      0.81       596
=====================================================
Epoch: 45
[[131   8   1   9]
 [  6 143   0   0]
 [  0   0 147   2]
 [ 30   2  37  80]]
OA: 84%
Cohen's kappa: 0.78
              precision    recall  f1-score   support

           0       0.78      0.88      0.83       149
           1       0.93      0.96      0.95       149
           2       0.79      0.99      0.88       149
           3       0.88      0.54      0.67       149

   micro avg       0.84      0.84      0.84       596
   macro avg       0.85      0.84      0.83       596
weighted avg       0.85      0.84      0.83       596
=====================================================
Epoch: 46
[[122  11   0  16]
 [  1 148   0   0]
 [  0   0 144   5]
 [ 20   3  31  95]]
OA: 85%
Cohen's kappa: 0.8
              precision    recall  f1-score   support

           0       0.85      0.82      0.84       149
           1       0.91      0.99      0.95       149
           2       0.82      0.97      0.89       149
           3       0.82      0.64      0.72       149

   micro avg       0.85      0.85      0.85       596
   macro avg       0.85      0.85      0.85       596
weighted avg       0.85      0.85      0.85       596
=====================================================
Epoch: 47
[[125   7   0  17]
 [  3 146   0   0]
 [  0   0 146   3]
 [ 31   2  33  83]]
OA: 83%
Cohen's kappa: 0.78
              precision    recall  f1-score   support

           0       0.79      0.84      0.81       149
           1       0.94      0.98      0.96       149
           2       0.82      0.98      0.89       149
           3       0.81      0.56      0.66       149

   micro avg       0.84      0.84      0.84       596
   macro avg       0.84      0.84      0.83       596
weighted avg       0.84      0.84      0.83       596
=====================================================
Epoch: 48
[[125   6   0  18]
 [  5 143   0   1]
 [  0   0 145   4]
 [ 26   2  32  89]]
OA: 84%
Cohen's kappa: 0.78
              precision    recall  f1-score   support

           0       0.80      0.84      0.82       149
           1       0.95      0.96      0.95       149
           2       0.82      0.97      0.89       149
           3       0.79      0.60      0.68       149

   micro avg       0.84      0.84      0.84       596
   macro avg       0.84      0.84      0.84       596
weighted avg       0.84      0.84      0.84       596
=====================================================
Epoch: 49
[[134   6   1   8]
 [  5 144   0   0]
 [  0   0 147   2]
 [ 39   1  38  71]]
OA: 83%
Cohen's kappa: 0.77
              precision    recall  f1-score   support

           0       0.75      0.90      0.82       149
           1       0.95      0.97      0.96       149
           2       0.79      0.99      0.88       149
           3       0.88      0.48      0.62       149

   micro avg       0.83      0.83      0.83       596
   macro avg       0.84      0.83      0.82       596
weighted avg       0.84      0.83      0.82       596
=====================================================
Epoch: 50
[[132   7   0  10]
 [  7 142   0   0]
 [  0   0 146   3]
 [ 37   2  32  78]]
OA: 83%
Cohen's kappa: 0.78
              precision    recall  f1-score   support

           0       0.75      0.89      0.81       149
           1       0.94      0.95      0.95       149
           2       0.82      0.98      0.89       149
           3       0.86      0.52      0.65       149

   micro avg       0.84      0.84      0.84       596
   macro avg       0.84      0.84      0.83       596
weighted avg       0.84      0.84      0.83       596
=====================================================
Epoch: 51
[[128   7   0  14]
 [  4 145   0   0]
 [  0   0 146   3]
 [ 31   2  34  82]]
OA: 84%
Cohen's kappa: 0.78
              precision    recall  f1-score   support

           0       0.79      0.86      0.82       149
           1       0.94      0.97      0.96       149
           2       0.81      0.98      0.89       149
           3       0.83      0.55      0.66       149

   micro avg       0.84      0.84      0.84       596
   macro avg       0.84      0.84      0.83       596
weighted avg       0.84      0.84      0.83       596
=====================================================
Epoch: 52
[[128   6   1  14]
 [  4 145   0   0]
 [  0   0 147   2]
 [ 32   2  36  79]]
OA: 83%
Cohen's kappa: 0.78
              precision    recall  f1-score   support

           0       0.78      0.86      0.82       149
           1       0.95      0.97      0.96       149
           2       0.80      0.99      0.88       149
           3       0.83      0.53      0.65       149

   micro avg       0.84      0.84      0.84       596
   macro avg       0.84      0.84      0.83       596
weighted avg       0.84      0.84      0.83       596
=====================================================
Epoch: 53
[[127   5   1  16]
 [  7 141   0   1]
 [  0   0 145   4]
 [ 28   2  35  84]]
OA: 83%
Cohen's kappa: 0.77
              precision    recall  f1-score   support

           0       0.78      0.85      0.82       149
           1       0.95      0.95      0.95       149
           2       0.80      0.97      0.88       149
           3       0.80      0.56      0.66       149

   micro avg       0.83      0.83      0.83       596
   macro avg       0.83      0.83      0.83       596
weighted avg       0.83      0.83      0.83       596
=====================================================
Epoch: 54
[[128   6   1  14]
 [  3 146   0   0]
 [  0   0 147   2]
 [ 30   2  34  83]]
OA: 84%
Cohen's kappa: 0.79
              precision    recall  f1-score   support

           0       0.80      0.86      0.83       149
           1       0.95      0.98      0.96       149
           2       0.81      0.99      0.89       149
           3       0.84      0.56      0.67       149

   micro avg       0.85      0.85      0.85       596
   macro avg       0.85      0.85      0.84       596
weighted avg       0.85      0.85      0.84       596
=====================================================
Epoch: 55
[[132   7   1   9]
 [  4 145   0   0]
 [  0   0 145   4]
 [ 33   2  33  81]]
OA: 84%
Cohen's kappa: 0.79
              precision    recall  f1-score   support

           0       0.78      0.89      0.83       149
           1       0.94      0.97      0.96       149
           2       0.81      0.97      0.88       149
           3       0.86      0.54      0.67       149

   micro avg       0.84      0.84      0.84       596
   macro avg       0.85      0.84      0.83       596
weighted avg       0.85      0.84      0.83       596
=====================================================
Epoch: 56
[[129   7   0  13]
 [  3 146   0   0]
 [  0   0 145   4]
 [ 30   2  32  85]]
OA: 84%
Cohen's kappa: 0.79
              precision    recall  f1-score   support

           0       0.80      0.87      0.83       149
           1       0.94      0.98      0.96       149
           2       0.82      0.97      0.89       149
           3       0.83      0.57      0.68       149

   micro avg       0.85      0.85      0.85       596
   macro avg       0.85      0.85      0.84       596
weighted avg       0.85      0.85      0.84       596
=====================================================
Epoch: 57
[[130   6   1  12]
 [  3 146   0   0]
 [  0   0 146   3]
 [ 30   2  33  84]]
OA: 84%
Cohen's kappa: 0.79
              precision    recall  f1-score   support

           0       0.80      0.87      0.83       149
           1       0.95      0.98      0.96       149
           2       0.81      0.98      0.89       149
           3       0.85      0.56      0.68       149

   micro avg       0.85      0.85      0.85       596
   macro avg       0.85      0.85      0.84       596
weighted avg       0.85      0.85      0.84       596
=====================================================
Epoch: 58
[[132   4   0  13]
 [  8 140   0   1]
 [  0   0 146   3]
 [ 34   2  35  78]]
OA: 83%
Cohen's kappa: 0.77
              precision    recall  f1-score   support

           0       0.76      0.89      0.82       149
           1       0.96      0.94      0.95       149
           2       0.81      0.98      0.88       149
           3       0.82      0.52      0.64       149

   micro avg       0.83      0.83      0.83       596
   macro avg       0.84      0.83      0.82       596
weighted avg       0.84      0.83      0.82       596
=====================================================
Epoch: 59
[[130   5   0  14]
 [  3 146   0   0]
 [  0   0 145   4]
 [ 29   2  34  84]]
OA: 84%
Cohen's kappa: 0.79
              precision    recall  f1-score   support

           0       0.80      0.87      0.84       149
           1       0.95      0.98      0.97       149
           2       0.81      0.97      0.88       149
           3       0.82      0.56      0.67       149

   micro avg       0.85      0.85      0.85       596
   macro avg       0.85      0.85      0.84       596
weighted avg       0.85      0.85      0.84       596
=====================================================
Epoch: 60
[[130   6   1  12]
 [  3 145   0   1]
 [  0   0 145   4]
 [ 30   2  36  81]]
OA: 84%
Cohen's kappa: 0.78
              precision    recall  f1-score   support

           0       0.80      0.87      0.83       149
           1       0.95      0.97      0.96       149
           2       0.80      0.97      0.88       149
           3       0.83      0.54      0.66       149

   micro avg       0.84      0.84      0.84       596
   macro avg       0.84      0.84      0.83       596
weighted avg       0.84      0.84      0.83       596
=====================================================
Epoch: 61
[[130   5   0  14]
 [  3 146   0   0]
 [  0   0 145   4]
 [ 28   2  32  87]]
OA: 85%
Cohen's kappa: 0.8
              precision    recall  f1-score   support

           0       0.81      0.87      0.84       149
           1       0.95      0.98      0.97       149
           2       0.82      0.97      0.89       149
           3       0.83      0.58      0.69       149

   micro avg       0.85      0.85      0.85       596
   macro avg       0.85      0.85      0.85       596
weighted avg       0.85      0.85      0.85       596
=====================================================
Epoch: 62
[[128   6   1  14]
 [  5 143   0   1]
 [  0   0 146   3]
 [ 28   2  34  85]]
OA: 84%
Cohen's kappa: 0.78
              precision    recall  f1-score   support

           0       0.80      0.86      0.83       149
           1       0.95      0.96      0.95       149
           2       0.81      0.98      0.88       149
           3       0.83      0.57      0.67       149

   micro avg       0.84      0.84      0.84       596
   macro avg       0.84      0.84      0.83       596
weighted avg       0.84      0.84      0.83       596
=====================================================
Epoch: 63
[[132   5   0  12]
 [  3 146   0   0]
 [  0   0 146   3]
 [ 33   2  33  81]]
OA: 84%
Cohen's kappa: 0.79
              precision    recall  f1-score   support

           0       0.79      0.89      0.83       149
           1       0.95      0.98      0.97       149
           2       0.82      0.98      0.89       149
           3       0.84      0.54      0.66       149

   micro avg       0.85      0.85      0.85       596
   macro avg       0.85      0.85      0.84       596
weighted avg       0.85      0.85      0.84       596
=====================================================
Epoch: 64
[[131   6   0  12]
 [  5 144   0   0]
 [  0   0 145   4]
 [ 29   2  34  84]]
OA: 84%
Cohen's kappa: 0.79
              precision    recall  f1-score   support

           0       0.79      0.88      0.83       149
           1       0.95      0.97      0.96       149
           2       0.81      0.97      0.88       149
           3       0.84      0.56      0.67       149

   micro avg       0.85      0.85      0.85       596
   macro avg       0.85      0.85      0.84       596
weighted avg       0.85      0.85      0.84       596
=====================================================
Epoch: 65
[[128   7   0  14]
 [  5 143   0   1]
 [  0   0 145   4]
 [ 28   2  33  86]]
OA: 84%
Cohen's kappa: 0.78
              precision    recall  f1-score   support

           0       0.80      0.86      0.83       149
           1       0.94      0.96      0.95       149
           2       0.81      0.97      0.89       149
           3       0.82      0.58      0.68       149

   micro avg       0.84      0.84      0.84       596
   macro avg       0.84      0.84      0.83       596
weighted avg       0.84      0.84      0.83       596
=====================================================
Epoch: 66
[[128   5   0  16]
 [  5 143   0   1]
 [  0   0 145   4]
 [ 27   2  34  86]]
OA: 84%
Cohen's kappa: 0.78
              precision    recall  f1-score   support

           0       0.80      0.86      0.83       149
           1       0.95      0.96      0.96       149
           2       0.81      0.97      0.88       149
           3       0.80      0.58      0.67       149

   micro avg       0.84      0.84      0.84       596
   macro avg       0.84      0.84      0.84       596
weighted avg       0.84      0.84      0.84       596
=====================================================
Epoch: 67
[[130   7   0  12]
 [  4 145   0   0]
 [  0   0 145   4]
 [ 30   2  34  83]]
OA: 84%
Cohen's kappa: 0.79
              precision    recall  f1-score   support

           0       0.79      0.87      0.83       149
           1       0.94      0.97      0.96       149
           2       0.81      0.97      0.88       149
           3       0.84      0.56      0.67       149

   micro avg       0.84      0.84      0.84       596
   macro avg       0.85      0.84      0.84       596
weighted avg       0.85      0.84      0.84       596
=====================================================
Epoch: 68
[[131   4   0  14]
 [  5 143   0   1]
 [  0   0 145   4]
 [ 29   2  34  84]]
OA: 84%
Cohen's kappa: 0.79
              precision    recall  f1-score   support

           0       0.79      0.88      0.83       149
           1       0.96      0.96      0.96       149
           2       0.81      0.97      0.88       149
           3       0.82      0.56      0.67       149

   micro avg       0.84      0.84      0.84       596
   macro avg       0.84      0.84      0.84       596
weighted avg       0.84      0.84      0.84       596
=====================================================
Epoch: 69
[[132   4   1  12]
 [  5 143   0   1]
 [  0   0 145   4]
 [ 30   2  33  84]]
OA: 84%
Cohen's kappa: 0.79
              precision    recall  f1-score   support

           0       0.79      0.89      0.84       149
           1       0.96      0.96      0.96       149
           2       0.81      0.97      0.88       149
           3       0.83      0.56      0.67       149

   micro avg       0.85      0.85      0.85       596
   macro avg       0.85      0.85      0.84       596
weighted avg       0.85      0.85      0.84       596
=====================================================
Epoch: 70
[[131   6   1  11]
 [  5 143   0   1]
 [  0   0 145   4]
 [ 28   2  34  85]]
OA: 84%
Cohen's kappa: 0.79
              precision    recall  f1-score   support

           0       0.80      0.88      0.84       149
           1       0.95      0.96      0.95       149
           2       0.81      0.97      0.88       149
           3       0.84      0.57      0.68       149

   micro avg       0.85      0.85      0.85       596
   macro avg       0.85      0.85      0.84       596
weighted avg       0.85      0.85      0.84       596
=====================================================
Epoch: 71
[[128   6   0  15]
 [  5 143   0   1]
 [  0   0 145   4]
 [ 27   2  31  89]]
OA: 84%
Cohen's kappa: 0.79
              precision    recall  f1-score   support

           0       0.80      0.86      0.83       149
           1       0.95      0.96      0.95       149
           2       0.82      0.97      0.89       149
           3       0.82      0.60      0.69       149

   micro avg       0.85      0.85      0.85       596
   macro avg       0.85      0.85      0.84       596
weighted avg       0.85      0.85      0.84       596
=====================================================
Epoch: 72
[[130   7   0  12]
 [  4 144   0   1]
 [  0   0 145   4]
 [ 31   2  34  82]]
OA: 84%
Cohen's kappa: 0.78
              precision    recall  f1-score   support

           0       0.79      0.87      0.83       149
           1       0.94      0.97      0.95       149
           2       0.81      0.97      0.88       149
           3       0.83      0.55      0.66       149

   micro avg       0.84      0.84      0.84       596
   macro avg       0.84      0.84      0.83       596
weighted avg       0.84      0.84      0.83       596
=====================================================
Epoch: 73
[[131   6   0  12]
 [  4 144   0   1]
 [  0   0 145   4]
 [ 31   2  32  84]]
OA: 84%
Cohen's kappa: 0.79
              precision    recall  f1-score   support

           0       0.79      0.88      0.83       149
           1       0.95      0.97      0.96       149
           2       0.82      0.97      0.89       149
           3       0.83      0.56      0.67       149

   micro avg       0.85      0.85      0.85       596
   macro avg       0.85      0.85      0.84       596
weighted avg       0.85      0.85      0.84       596
=====================================================
Epoch: 74
[[126   7   0  16]
 [  3 146   0   0]
 [  0   0 145   4]
 [ 27   2  33  87]]
OA: 84%
Cohen's kappa: 0.79
              precision    recall  f1-score   support

           0       0.81      0.85      0.83       149
           1       0.94      0.98      0.96       149
           2       0.81      0.97      0.89       149
           3       0.81      0.58      0.68       149

   micro avg       0.85      0.85      0.85       596
   macro avg       0.84      0.85      0.84       596
weighted avg       0.84      0.85      0.84       596
=====================================================
Epoch: 75
[[129   6   0  14]
 [  4 144   0   1]
 [  0   0 145   4]
 [ 29   2  33  85]]
OA: 84%
Cohen's kappa: 0.79
              precision    recall  f1-score   support

           0       0.80      0.87      0.83       149
           1       0.95      0.97      0.96       149
           2       0.81      0.97      0.89       149
           3       0.82      0.57      0.67       149

   micro avg       0.84      0.84      0.84       596
   macro avg       0.84      0.84      0.84       596
weighted avg       0.84      0.84      0.84       596
=====================================================
Epoch: 76
[[130   6   0  13]
 [  4 144   0   1]
 [  0   0 145   4]
 [ 28   2  32  87]]
OA: 84%
Cohen's kappa: 0.79
              precision    recall  f1-score   support

           0       0.80      0.87      0.84       149
           1       0.95      0.97      0.96       149
           2       0.82      0.97      0.89       149
           3       0.83      0.58      0.69       149

   micro avg       0.85      0.85      0.85       596
   macro avg       0.85      0.85      0.84       596
weighted avg       0.85      0.85      0.84       596
=====================================================
Epoch: 77
[[130   6   0  13]
 [  4 144   0   1]
 [  0   0 145   4]
 [ 32   2  33  82]]
OA: 84%
Cohen's kappa: 0.78
              precision    recall  f1-score   support

           0       0.78      0.87      0.83       149
           1       0.95      0.97      0.96       149
           2       0.81      0.97      0.89       149
           3       0.82      0.55      0.66       149

   micro avg       0.84      0.84      0.84       596
   macro avg       0.84      0.84      0.83       596
weighted avg       0.84      0.84      0.83       596
=====================================================
Epoch: 78
[[130   6   0  13]
 [  3 146   0   0]
 [  0   0 145   4]
 [ 31   2  31  85]]
OA: 84%
Cohen's kappa: 0.79
              precision    recall  f1-score   support

           0       0.79      0.87      0.83       149
           1       0.95      0.98      0.96       149
           2       0.82      0.97      0.89       149
           3       0.83      0.57      0.68       149

   micro avg       0.85      0.85      0.85       596
   macro avg       0.85      0.85      0.84       596
weighted avg       0.85      0.85      0.84       596
=====================================================
Epoch: 79
[[130   6   0  13]
 [  5 143   0   1]
 [  0   0 145   4]
 [ 31   2  33  83]]
OA: 84%
Cohen's kappa: 0.78
              precision    recall  f1-score   support

           0       0.78      0.87      0.83       149
           1       0.95      0.96      0.95       149
           2       0.81      0.97      0.89       149
           3       0.82      0.56      0.66       149

   micro avg       0.84      0.84      0.84       596
   macro avg       0.84      0.84      0.83       596
weighted avg       0.84      0.84      0.83       596
=====================================================
Epoch: 80
[[130   6   0  13]
 [  4 144   0   1]
 [  0   0 144   5]
 [ 31   2  32  84]]
OA: 84%
Cohen's kappa: 0.78
              precision    recall  f1-score   support

           0       0.79      0.87      0.83       149
           1       0.95      0.97      0.96       149
           2       0.82      0.97      0.89       149
           3       0.82      0.56      0.67       149

   micro avg       0.84      0.84      0.84       596
   macro avg       0.84      0.84      0.83       596
weighted avg       0.84      0.84      0.83       596
=====================================================
Epoch: 81
[[128   7   0  14]
 [  4 144   0   1]
 [  0   0 146   3]
 [ 31   2  32  84]]
OA: 84%
Cohen's kappa: 0.78
              precision    recall  f1-score   support

           0       0.79      0.86      0.82       149
           1       0.94      0.97      0.95       149
           2       0.82      0.98      0.89       149
           3       0.82      0.56      0.67       149

   micro avg       0.84      0.84      0.84       596
   macro avg       0.84      0.84      0.83       596
weighted avg       0.84      0.84      0.83       596
=====================================================
Epoch: 82
[[130   7   0  12]
 [  4 145   0   0]
 [  0   0 146   3]
 [ 31   2  33  83]]
OA: 84%
Cohen's kappa: 0.79
              precision    recall  f1-score   support

           0       0.79      0.87      0.83       149
           1       0.94      0.97      0.96       149
           2       0.82      0.98      0.89       149
           3       0.85      0.56      0.67       149

   micro avg       0.85      0.85      0.85       596
   macro avg       0.85      0.85      0.84       596
weighted avg       0.85      0.85      0.84       596
=====================================================
Epoch: 83
[[130   6   0  13]
 [  4 144   0   1]
 [  0   0 145   4]
 [ 31   2  31  85]]
OA: 84%
Cohen's kappa: 0.79
              precision    recall  f1-score   support

           0       0.79      0.87      0.83       149
           1       0.95      0.97      0.96       149
           2       0.82      0.97      0.89       149
           3       0.83      0.57      0.67       149

   micro avg       0.85      0.85      0.85       596
   macro avg       0.85      0.85      0.84       596
weighted avg       0.85      0.85      0.84       596
=====================================================
Epoch: 84
[[130   6   0  13]
 [  4 144   0   1]
 [  0   0 146   3]
 [ 30   2  32  85]]
OA: 84%
Cohen's kappa: 0.79
              precision    recall  f1-score   support

           0       0.79      0.87      0.83       149
           1       0.95      0.97      0.96       149
           2       0.82      0.98      0.89       149
           3       0.83      0.57      0.68       149

   micro avg       0.85      0.85      0.85       596
   macro avg       0.85      0.85      0.84       596
weighted avg       0.85      0.85      0.84       596
=====================================================
Epoch: 85
[[129   7   0  13]
 [  5 143   0   1]
 [  0   0 146   3]
 [ 30   2  32  85]]
OA: 84%
Cohen's kappa: 0.79
              precision    recall  f1-score   support

           0       0.79      0.87      0.82       149
           1       0.94      0.96      0.95       149
           2       0.82      0.98      0.89       149
           3       0.83      0.57      0.68       149

   micro avg       0.84      0.84      0.84       596
   macro avg       0.85      0.84      0.84       596
weighted avg       0.85      0.84      0.84       596
=====================================================
Epoch: 86
[[130   6   0  13]
 [  5 144   0   0]
 [  0   0 146   3]
 [ 31   2  33  83]]
OA: 84%
Cohen's kappa: 0.79
              precision    recall  f1-score   support

           0       0.78      0.87      0.83       149
           1       0.95      0.97      0.96       149
           2       0.82      0.98      0.89       149
           3       0.84      0.56      0.67       149

   micro avg       0.84      0.84      0.84       596
   macro avg       0.85      0.84      0.84       596
weighted avg       0.85      0.84      0.84       596
=====================================================
Epoch: 87
[[131   6   0  12]
 [  5 144   0   0]
 [  0   0 146   3]
 [ 31   2  33  83]]
OA: 84%
Cohen's kappa: 0.79
              precision    recall  f1-score   support

           0       0.78      0.88      0.83       149
           1       0.95      0.97      0.96       149
           2       0.82      0.98      0.89       149
           3       0.85      0.56      0.67       149

   micro avg       0.85      0.85      0.85       596
   macro avg       0.85      0.85      0.84       596
weighted avg       0.85      0.85      0.84       596
=====================================================
Epoch: 88
[[130   6   0  13]
 [  4 145   0   0]
 [  0   0 146   3]
 [ 31   2  33  83]]
OA: 84%
Cohen's kappa: 0.79
              precision    recall  f1-score   support

           0       0.79      0.87      0.83       149
           1       0.95      0.97      0.96       149
           2       0.82      0.98      0.89       149
           3       0.84      0.56      0.67       149

   micro avg       0.85      0.85      0.85       596
   macro avg       0.85      0.85      0.84       596
weighted avg       0.85      0.85      0.84       596
=====================================================
Epoch: 89
[[131   6   0  12]
 [  4 145   0   0]
 [  0   0 145   4]
 [ 31   2  32  84]]
OA: 84%
Cohen's kappa: 0.79
              precision    recall  f1-score   support

           0       0.79      0.88      0.83       149
           1       0.95      0.97      0.96       149
           2       0.82      0.97      0.89       149
           3       0.84      0.56      0.67       149

   micro avg       0.85      0.85      0.85       596
   macro avg       0.85      0.85      0.84       596
weighted avg       0.85      0.85      0.84       596
=====================================================
Epoch: 90
[[131   6   0  12]
 [  3 146   0   0]
 [  0   0 145   4]
 [ 31   2  32  84]]
OA: 84%
Cohen's kappa: 0.79
              precision    recall  f1-score   support

           0       0.79      0.88      0.83       149
           1       0.95      0.98      0.96       149
           2       0.82      0.97      0.89       149
           3       0.84      0.56      0.67       149

   micro avg       0.85      0.85      0.85       596
   macro avg       0.85      0.85      0.84       596
weighted avg       0.85      0.85      0.84       596
=====================================================
Epoch: 91
[[130   6   0  13]
 [  4 144   0   1]
 [  0   0 145   4]
 [ 30   2  31  86]]
OA: 84%
Cohen's kappa: 0.79
              precision    recall  f1-score   support

           0       0.79      0.87      0.83       149
           1       0.95      0.97      0.96       149
           2       0.82      0.97      0.89       149
           3       0.83      0.58      0.68       149

   micro avg       0.85      0.85      0.85       596
   macro avg       0.85      0.85      0.84       596
weighted avg       0.85      0.85      0.84       596
=====================================================
Epoch: 92
[[130   7   0  12]
 [  3 146   0   0]
 [  0   0 145   4]
 [ 31   2  31  85]]
OA: 84%
Cohen's kappa: 0.79
              precision    recall  f1-score   support

           0       0.79      0.87      0.83       149
           1       0.94      0.98      0.96       149
           2       0.82      0.97      0.89       149
           3       0.84      0.57      0.68       149

   micro avg       0.85      0.85      0.85       596
   macro avg       0.85      0.85      0.84       596
weighted avg       0.85      0.85      0.84       596
=====================================================
Epoch: 93
[[131   6   0  12]
 [  4 145   0   0]
 [  0   0 146   3]
 [ 31   2  31  85]]
OA: 85%
Cohen's kappa: 0.8
              precision    recall  f1-score   support

           0       0.79      0.88      0.83       149
           1       0.95      0.97      0.96       149
           2       0.82      0.98      0.90       149
           3       0.85      0.57      0.68       149

   micro avg       0.85      0.85      0.85       596
   macro avg       0.85      0.85      0.84       596
weighted avg       0.85      0.85      0.84       596
=====================================================
Epoch: 94
[[131   6   0  12]
 [  4 145   0   0]
 [  0   0 145   4]
 [ 31   2  33  83]]
OA: 84%
Cohen's kappa: 0.79
              precision    recall  f1-score   support

           0       0.79      0.88      0.83       149
           1       0.95      0.97      0.96       149
           2       0.81      0.97      0.89       149
           3       0.84      0.56      0.67       149

   micro avg       0.85      0.85      0.85       596
   macro avg       0.85      0.85      0.84       596
weighted avg       0.85      0.85      0.84       596
=====================================================
Epoch: 95
[[131   6   0  12]
 [  4 145   0   0]
 [  0   0 146   3]
 [ 31   2  33  83]]
OA: 84%
Cohen's kappa: 0.79
              precision    recall  f1-score   support

           0       0.79      0.88      0.83       149
           1       0.95      0.97      0.96       149
           2       0.82      0.98      0.89       149
           3       0.85      0.56      0.67       149

   micro avg       0.85      0.85      0.85       596
   macro avg       0.85      0.85      0.84       596
weighted avg       0.85      0.85      0.84       596
=====================================================
Epoch: 96
[[131   6   0  12]
 [  4 144   0   1]
 [  0   0 145   4]
 [ 30   2  32  85]]
OA: 84%
Cohen's kappa: 0.79
              precision    recall  f1-score   support

           0       0.79      0.88      0.83       149
           1       0.95      0.97      0.96       149
           2       0.82      0.97      0.89       149
           3       0.83      0.57      0.68       149

   micro avg       0.85      0.85      0.85       596
   macro avg       0.85      0.85      0.84       596
weighted avg       0.85      0.85      0.84       596
=====================================================
Epoch: 97
[[130   7   0  12]
 [  4 145   0   0]
 [  0   0 145   4]
 [ 31   2  31  85]]
OA: 84%
Cohen's kappa: 0.79
              precision    recall  f1-score   support

           0       0.79      0.87      0.83       149
           1       0.94      0.97      0.96       149
           2       0.82      0.97      0.89       149
           3       0.84      0.57      0.68       149

   micro avg       0.85      0.85      0.85       596
   macro avg       0.85      0.85      0.84       596
weighted avg       0.85      0.85      0.84       596
=====================================================
Epoch: 98
[[130   7   0  12]
 [  4 144   0   1]
 [  0   0 145   4]
 [ 30   2  32  85]]
OA: 84%
Cohen's kappa: 0.79
              precision    recall  f1-score   support

           0       0.79      0.87      0.83       149
           1       0.94      0.97      0.95       149
           2       0.82      0.97      0.89       149
           3       0.83      0.57      0.68       149

   micro avg       0.85      0.85      0.85       596
   macro avg       0.85      0.85      0.84       596
weighted avg       0.85      0.85      0.84       596
=====================================================
Epoch: 99
[[130   7   0  12]
 [  4 145   0   0]
 [  0   0 145   4]
 [ 30   2  33  84]]
OA: 84%
Cohen's kappa: 0.79
              precision    recall  f1-score   support

           0       0.79      0.87      0.83       149
           1       0.94      0.97      0.96       149
           2       0.81      0.97      0.89       149
           3       0.84      0.56      0.67       149

   micro avg       0.85      0.85      0.85       596
   macro avg       0.85      0.85      0.84       596
weighted avg       0.85      0.85      0.84       596
=====================================================
Epoch: 100
[[131   7   0  11]
 [  4 145   0   0]
 [  0   0 145   4]
 [ 31   2  33  83]]
OA: 84%
Cohen's kappa: 0.79
              precision    recall  f1-score   support

           0       0.79      0.88      0.83       149
           1       0.94      0.97      0.96       149
           2       0.81      0.97      0.89       149
           3       0.85      0.56      0.67       149

   micro avg       0.85      0.85      0.85       596
   macro avg       0.85      0.85      0.84       596
weighted avg       0.85      0.85      0.84       596
