=====================================================
Epoch: 1
[[35  9  2  5]
 [ 7 13 15 16]
 [ 0  3 32 16]
 [ 6  4  8 33]]
OA: 55%
Cohen's kappa: 0.4
              precision    recall  f1-score   support

           0       0.73      0.69      0.71        51
           1       0.45      0.25      0.33        51
           2       0.56      0.63      0.59        51
           3       0.47      0.65      0.55        51

   micro avg       0.55      0.55      0.55       204
   macro avg       0.55      0.55      0.54       204
weighted avg       0.55      0.55      0.54       204
=====================================================
Epoch: 2
[[41  6  0  4]
 [11 35  2  3]
 [ 2 13 20 16]
 [ 9  9  3 30]]
OA: 61%
Cohen's kappa: 0.49
              precision    recall  f1-score   support

           0       0.65      0.80      0.72        51
           1       0.56      0.69      0.61        51
           2       0.80      0.39      0.53        51
           3       0.57      0.59      0.58        51

   micro avg       0.62      0.62      0.62       204
   macro avg       0.64      0.62      0.61       204
weighted avg       0.64      0.62      0.61       204
=====================================================
Epoch: 3
[[40  6  1  4]
 [ 7 25 11  8]
 [ 0  4 40  7]
 [ 3  1 11 36]]
OA: 69%
Cohen's kappa: 0.58
              precision    recall  f1-score   support

           0       0.80      0.78      0.79        51
           1       0.69      0.49      0.57        51
           2       0.63      0.78      0.70        51
           3       0.65      0.71      0.68        51

   micro avg       0.69      0.69      0.69       204
   macro avg       0.70      0.69      0.69       204
weighted avg       0.70      0.69      0.69       204
=====================================================
Epoch: 4
[[40  8  0  3]
 [ 6 35  3  7]
 [ 1 10 34  6]
 [ 5  7  6 33]]
OA: 69%
Cohen's kappa: 0.59
              precision    recall  f1-score   support

           0       0.77      0.78      0.78        51
           1       0.58      0.69      0.63        51
           2       0.79      0.67      0.72        51
           3       0.67      0.65      0.66        51

   micro avg       0.70      0.70      0.70       204
   macro avg       0.70      0.70      0.70       204
weighted avg       0.70      0.70      0.70       204
=====================================================
Epoch: 5
[[38 10  0  3]
 [ 6 35  7  3]
 [ 3  5 34  9]
 [ 9 10  3 29]]
OA: 66%
Cohen's kappa: 0.55
              precision    recall  f1-score   support

           0       0.68      0.75      0.71        51
           1       0.58      0.69      0.63        51
           2       0.77      0.67      0.72        51
           3       0.66      0.57      0.61        51

   micro avg       0.67      0.67      0.67       204
   macro avg       0.67      0.67      0.67       204
weighted avg       0.67      0.67      0.67       204
=====================================================
Epoch: 6
[[38  9  3  1]
 [ 2 38 10  1]
 [ 1  5 45  0]
 [ 3  8 21 19]]
OA: 68%
Cohen's kappa: 0.58
              precision    recall  f1-score   support

           0       0.86      0.75      0.80        51
           1       0.63      0.75      0.68        51
           2       0.57      0.88      0.69        51
           3       0.90      0.37      0.53        51

   micro avg       0.69      0.69      0.69       204
   macro avg       0.74      0.69      0.68       204
weighted avg       0.74      0.69      0.68       204
=====================================================
Epoch: 7
[[44  4  0  3]
 [ 9 36  5  1]
 [ 1 15 31  4]
 [ 3 10  5 33]]
OA: 70%
Cohen's kappa: 0.6
              precision    recall  f1-score   support

           0       0.77      0.86      0.81        51
           1       0.55      0.71      0.62        51
           2       0.76      0.61      0.67        51
           3       0.80      0.65      0.72        51

   micro avg       0.71      0.71      0.71       204
   macro avg       0.72      0.71      0.71       204
weighted avg       0.72      0.71      0.71       204
=====================================================
Epoch: 8
[[38  7  0  6]
 [ 4 38  5  4]
 [ 0  8 33 10]
 [ 3  7  4 37]]
OA: 71%
Cohen's kappa: 0.62
              precision    recall  f1-score   support

           0       0.84      0.75      0.79        51
           1       0.63      0.75      0.68        51
           2       0.79      0.65      0.71        51
           3       0.65      0.73      0.69        51

   micro avg       0.72      0.72      0.72       204
   macro avg       0.73      0.72      0.72       204
weighted avg       0.73      0.72      0.72       204
=====================================================
Epoch: 9
[[39 11  0  1]
 [ 5 35  6  5]
 [ 1  7 30 13]
 [ 2  6  4 39]]
OA: 70%
Cohen's kappa: 0.6
              precision    recall  f1-score   support

           0       0.83      0.76      0.80        51
           1       0.59      0.69      0.64        51
           2       0.75      0.59      0.66        51
           3       0.67      0.76      0.72        51

   micro avg       0.70      0.70      0.70       204
   macro avg       0.71      0.70      0.70       204
weighted avg       0.71      0.70      0.70       204
