=====================================================
Epoch: 1
[[15  6  3  3]
 [ 2  6  8  4]
 [ 0  1 19  1]
 [ 2  4 11  7]]
OA: 51%
Cohen's kappa: 0.35
              precision    recall  f1-score   support

           0       0.79      0.56      0.65        27
           1       0.35      0.30      0.32        20
           2       0.46      0.90      0.61        21
           3       0.47      0.29      0.36        24

   micro avg       0.51      0.51      0.51        92
   macro avg       0.52      0.51      0.49        92
weighted avg       0.54      0.51      0.50        92
=====================================================
Epoch: 2
[[17  1  1  8]
 [ 6  2  3  9]
 [ 0  0 12  9]
 [ 0  2  2 20]]
OA: 55%
Cohen's kappa: 0.39
              precision    recall  f1-score   support

           0       0.74      0.63      0.68        27
           1       0.40      0.10      0.16        20
           2       0.67      0.57      0.62        21
           3       0.43      0.83      0.57        24

   micro avg       0.55      0.55      0.55        92
   macro avg       0.56      0.53      0.51        92
weighted avg       0.57      0.55      0.52        92
=====================================================
Epoch: 3
[[21  5  0  1]
 [ 8  8  1  3]
 [ 0  1 18  2]
 [ 4  4  6 10]]
OA: 61%
Cohen's kappa: 0.48
              precision    recall  f1-score   support

           0       0.64      0.78      0.70        27
           1       0.44      0.40      0.42        20
           2       0.72      0.86      0.78        21
           3       0.62      0.42      0.50        24

   micro avg       0.62      0.62      0.62        92
   macro avg       0.61      0.61      0.60        92
weighted avg       0.61      0.62      0.61        92
=====================================================
Epoch: 4
[[17  3  1  6]
 [ 6  3  7  4]
 [ 0  2 16  3]
 [ 0  1  4 19]]
OA: 59%
Cohen's kappa: 0.46
              precision    recall  f1-score   support

           0       0.74      0.63      0.68        27
           1       0.33      0.15      0.21        20
           2       0.57      0.76      0.65        21
           3       0.59      0.79      0.68        24

   micro avg       0.60      0.60      0.60        92
   macro avg       0.56      0.58      0.55        92
weighted avg       0.57      0.60      0.57        92
=====================================================
Epoch: 5
[[10  9  0  8]
 [ 1  5  9  5]
 [ 0  1 19  1]
 [ 1  3  7 13]]
OA: 51%
Cohen's kappa: 0.35
              precision    recall  f1-score   support

           0       0.83      0.37      0.51        27
           1       0.28      0.25      0.26        20
           2       0.54      0.90      0.68        21
           3       0.48      0.54      0.51        24

   micro avg       0.51      0.51      0.51        92
   macro avg       0.53      0.52      0.49        92
weighted avg       0.55      0.51      0.50        92
=====================================================
Epoch: 6
[[14  7  0  6]
 [ 2 10  5  3]
 [ 0  2 13  6]
 [ 1  3  2 18]]
OA: 59%
Cohen's kappa: 0.46
              precision    recall  f1-score   support

           0       0.82      0.52      0.64        27
           1       0.45      0.50      0.48        20
           2       0.65      0.62      0.63        21
           3       0.55      0.75      0.63        24

   micro avg       0.60      0.60      0.60        92
   macro avg       0.62      0.60      0.59        92
weighted avg       0.63      0.60      0.60        92
=====================================================
Epoch: 7
[[21  6  0  0]
 [ 4 12  2  2]
 [ 0  8  6  7]
 [ 2  6  0 16]]
OA: 59%
Cohen's kappa: 0.46
              precision    recall  f1-score   support

           0       0.78      0.78      0.78        27
           1       0.38      0.60      0.46        20
           2       0.75      0.29      0.41        21
           3       0.64      0.67      0.65        24

   micro avg       0.60      0.60      0.60        92
   macro avg       0.64      0.58      0.58        92
weighted avg       0.65      0.60      0.59        92
=====================================================
Epoch: 8
[[21  4  0  2]
 [ 5 11  2  2]
 [ 0  4 15  2]
 [ 3  3  6 12]]
OA: 64%
Cohen's kappa: 0.52
              precision    recall  f1-score   support

           0       0.72      0.78      0.75        27
           1       0.50      0.55      0.52        20
           2       0.65      0.71      0.68        21
           3       0.67      0.50      0.57        24

   micro avg       0.64      0.64      0.64        92
   macro avg       0.64      0.64      0.63        92
weighted avg       0.64      0.64      0.64        92
=====================================================
Epoch: 9
[[21  4  0  2]
 [ 6 11  0  3]
 [ 1  5  7  8]
 [ 3  5  0 16]]
OA: 59%
Cohen's kappa: 0.45
              precision    recall  f1-score   support

           0       0.68      0.78      0.72        27
           1       0.44      0.55      0.49        20
           2       1.00      0.33      0.50        21
           3       0.55      0.67      0.60        24

   micro avg       0.60      0.60      0.60        92
   macro avg       0.67      0.58      0.58        92
weighted avg       0.67      0.60      0.59        92
=====================================================
Epoch: 10
[[20  4  1  2]
 [ 3 15  1  1]
 [ 0  8 12  1]
 [ 2  6  4 12]]
OA: 64%
Cohen's kappa: 0.52
              precision    recall  f1-score   support

           0       0.80      0.74      0.77        27
           1       0.45      0.75      0.57        20
           2       0.67      0.57      0.62        21
           3       0.75      0.50      0.60        24

   micro avg       0.64      0.64      0.64        92
   macro avg       0.67      0.64      0.64        92
weighted avg       0.68      0.64      0.65        92
=====================================================
Epoch: 11
[[19  8  0  0]
 [ 3 17  0  0]
 [ 0  7 13  1]
 [ 3  4  1 16]]
OA: 70%
Cohen's kappa: 0.6
              precision    recall  f1-score   support

           0       0.76      0.70      0.73        27
           1       0.47      0.85      0.61        20
           2       0.93      0.62      0.74        21
           3       0.94      0.67      0.78        24

   micro avg       0.71      0.71      0.71        92
   macro avg       0.78      0.71      0.72        92
weighted avg       0.78      0.71      0.72        92
=====================================================
Epoch: 12
[[17  9  1  0]
 [ 3 11  6  0]
 [ 0  1 19  1]
 [ 1  9  9  5]]
OA: 56%
Cohen's kappa: 0.42
              precision    recall  f1-score   support

           0       0.81      0.63      0.71        27
           1       0.37      0.55      0.44        20
           2       0.54      0.90      0.68        21
           3       0.83      0.21      0.33        24

   micro avg       0.57      0.57      0.57        92
   macro avg       0.64      0.57      0.54        92
weighted avg       0.66      0.57      0.55        92
=====================================================
Epoch: 13
[[22  4  1  0]
 [ 7  8  5  0]
 [ 0  3 17  1]
 [ 6  2  7  9]]
OA: 60%
Cohen's kappa: 0.47
              precision    recall  f1-score   support

           0       0.63      0.81      0.71        27
           1       0.47      0.40      0.43        20
           2       0.57      0.81      0.67        21
           3       0.90      0.38      0.53        24

   micro avg       0.61      0.61      0.61        92
   macro avg       0.64      0.60      0.58        92
weighted avg       0.65      0.61      0.59        92
=====================================================
Epoch: 14
[[17  9  0  1]
 [ 3 15  1  1]
 [ 0  6 14  1]
 [ 0  1  3 20]]
OA: 71%
Cohen's kappa: 0.62
              precision    recall  f1-score   support

           0       0.85      0.63      0.72        27
           1       0.48      0.75      0.59        20
           2       0.78      0.67      0.72        21
           3       0.87      0.83      0.85        24

   micro avg       0.72      0.72      0.72        92
   macro avg       0.75      0.72      0.72        92
weighted avg       0.76      0.72      0.73        92
=====================================================
Epoch: 15
[[20  6  1  0]
 [ 5 13  1  1]
 [ 0  4 15  2]
 [ 3  1  3 17]]
OA: 70%
Cohen's kappa: 0.6
              precision    recall  f1-score   support

           0       0.71      0.74      0.73        27
           1       0.54      0.65      0.59        20
           2       0.75      0.71      0.73        21
           3       0.85      0.71      0.77        24

   micro avg       0.71      0.71      0.71        92
   macro avg       0.71      0.70      0.71        92
weighted avg       0.72      0.71      0.71        92
=====================================================
Epoch: 16
[[22  3  0  2]
 [ 6 12  0  2]
 [ 2 12  2  5]
 [ 5  4  2 13]]
OA: 53%
Cohen's kappa: 0.37
              precision    recall  f1-score   support

           0       0.63      0.81      0.71        27
           1       0.39      0.60      0.47        20
           2       0.50      0.10      0.16        21
           3       0.59      0.54      0.57        24

   micro avg       0.53      0.53      0.53        92
   macro avg       0.53      0.51      0.48        92
weighted avg       0.54      0.53      0.49        92
=====================================================
Epoch: 17
[[25  1  0  1]
 [10  9  1  0]
 [ 0  8 12  1]
 [ 6  5  3 10]]
OA: 60%
Cohen's kappa: 0.47
              precision    recall  f1-score   support

           0       0.61      0.93      0.74        27
           1       0.39      0.45      0.42        20
           2       0.75      0.57      0.65        21
           3       0.83      0.42      0.56        24

   micro avg       0.61      0.61      0.61        92
   macro avg       0.65      0.59      0.59        92
weighted avg       0.65      0.61      0.60        92
=====================================================
Epoch: 18
[[13 13  0  1]
 [ 1 16  2  1]
 [ 0  6 15  0]
 [ 1  7  5 11]]
OA: 59%
Cohen's kappa: 0.47
              precision    recall  f1-score   support

           0       0.87      0.48      0.62        27
           1       0.38      0.80      0.52        20
           2       0.68      0.71      0.70        21
           3       0.85      0.46      0.59        24

   micro avg       0.60      0.60      0.60        92
   macro avg       0.69      0.61      0.61        92
weighted avg       0.71      0.60      0.61        92
=====================================================
Epoch: 19
[[18  8  1  0]
 [ 4 15  1  0]
 [ 0  5 15  1]
 [ 4  5  3 12]]
OA: 65%
Cohen's kappa: 0.53
              precision    recall  f1-score   support

           0       0.69      0.67      0.68        27
           1       0.45      0.75      0.57        20
           2       0.75      0.71      0.73        21
           3       0.92      0.50      0.65        24

   micro avg       0.65      0.65      0.65        92
   macro avg       0.70      0.66      0.66        92
weighted avg       0.71      0.65      0.66        92
=====================================================
Epoch: 20
[[19  5  3  0]
 [ 4  9  5  2]
 [ 0  2 16  3]
 [ 0  3  4 17]]
OA: 66%
Cohen's kappa: 0.55
              precision    recall  f1-score   support

           0       0.83      0.70      0.76        27
           1       0.47      0.45      0.46        20
           2       0.57      0.76      0.65        21
           3       0.77      0.71      0.74        24

   micro avg       0.66      0.66      0.66        92
   macro avg       0.66      0.66      0.65        92
weighted avg       0.68      0.66      0.67        92
=====================================================
Epoch: 21
[[18  7  0  2]
 [ 4 15  0  1]
 [ 0  8 12  1]
 [ 0  1  5 18]]
OA: 68%
Cohen's kappa: 0.58
              precision    recall  f1-score   support

           0       0.82      0.67      0.73        27
           1       0.48      0.75      0.59        20
           2       0.71      0.57      0.63        21
           3       0.82      0.75      0.78        24

   micro avg       0.68      0.68      0.68        92
   macro avg       0.71      0.68      0.68        92
weighted avg       0.72      0.68      0.69        92
=====================================================
Epoch: 22
[[17  5  1  4]
 [ 4  8  6  2]
 [ 0  2 16  3]
 [ 0  1  4 19]]
OA: 65%
Cohen's kappa: 0.53
              precision    recall  f1-score   support

           0       0.81      0.63      0.71        27
           1       0.50      0.40      0.44        20
           2       0.59      0.76      0.67        21
           3       0.68      0.79      0.73        24

   micro avg       0.65      0.65      0.65        92
   macro avg       0.65      0.65      0.64        92
weighted avg       0.66      0.65      0.65        92
=====================================================
Epoch: 23
[[18  7  1  1]
 [ 2 12  6  0]
 [ 0  2 19  0]
 [ 0  2 13  9]]
OA: 63%
Cohen's kappa: 0.51
              precision    recall  f1-score   support

           0       0.90      0.67      0.77        27
           1       0.52      0.60      0.56        20
           2       0.49      0.90      0.63        21
           3       0.90      0.38      0.53        24

   micro avg       0.63      0.63      0.63        92
   macro avg       0.70      0.64      0.62        92
weighted avg       0.72      0.63      0.63        92
=====================================================
Epoch: 24
[[18  7  1  1]
 [ 1 16  2  1]
 [ 0  4 17  0]
 [ 0  3  7 14]]
OA: 70%
Cohen's kappa: 0.61
              precision    recall  f1-score   support

           0       0.95      0.67      0.78        27
           1       0.53      0.80      0.64        20
           2       0.63      0.81      0.71        21
           3       0.88      0.58      0.70        24

   micro avg       0.71      0.71      0.71        92
   macro avg       0.75      0.71      0.71        92
weighted avg       0.77      0.71      0.71        92
=====================================================
Epoch: 25
[[20  5  1  1]
 [ 3  6  9  2]
 [ 0  1 20  0]
 [ 1  1  7 15]]
OA: 66%
Cohen's kappa: 0.55
              precision    recall  f1-score   support

           0       0.83      0.74      0.78        27
           1       0.46      0.30      0.36        20
           2       0.54      0.95      0.69        21
           3       0.83      0.62      0.71        24

   micro avg       0.66      0.66      0.66        92
   macro avg       0.67      0.65      0.64        92
weighted avg       0.69      0.66      0.65        92
=====================================================
Epoch: 26
[[19  7  0  1]
 [ 4 11  4  1]
 [ 0  2 17  2]
 [ 2  1  2 19]]
OA: 71%
Cohen's kappa: 0.62
              precision    recall  f1-score   support

           0       0.76      0.70      0.73        27
           1       0.52      0.55      0.54        20
           2       0.74      0.81      0.77        21
           3       0.83      0.79      0.81        24

   micro avg       0.72      0.72      0.72        92
   macro avg       0.71      0.71      0.71        92
weighted avg       0.72      0.72      0.72        92
=====================================================
Epoch: 27
[[17  7  0  3]
 [ 2 13  5  0]
 [ 0  2 19  0]
 [ 2  0  5 17]]
OA: 71%
Cohen's kappa: 0.62
              precision    recall  f1-score   support

           0       0.81      0.63      0.71        27
           1       0.59      0.65      0.62        20
           2       0.66      0.90      0.76        21
           3       0.85      0.71      0.77        24

   micro avg       0.72      0.72      0.72        92
   macro avg       0.73      0.72      0.72        92
weighted avg       0.74      0.72      0.72        92
=====================================================
Epoch: 28
[[20  3  0  4]
 [ 4 10  4  2]
 [ 0  2 19  0]
 [ 0  1  7 16]]
OA: 70%
Cohen's kappa: 0.6
              precision    recall  f1-score   support

           0       0.83      0.74      0.78        27
           1       0.62      0.50      0.56        20
           2       0.63      0.90      0.75        21
           3       0.73      0.67      0.70        24

   micro avg       0.71      0.71      0.71        92
   macro avg       0.70      0.70      0.70        92
weighted avg       0.71      0.71      0.70        92
=====================================================
Epoch: 29
[[20  4  0  3]
 [ 5 10  5  0]
 [ 0  2 19  0]
 [ 0  5  4 15]]
OA: 69%
Cohen's kappa: 0.59
              precision    recall  f1-score   support

           0       0.80      0.74      0.77        27
           1       0.48      0.50      0.49        20
           2       0.68      0.90      0.78        21
           3       0.83      0.62      0.71        24

   micro avg       0.70      0.70      0.70        92
   macro avg       0.70      0.69      0.69        92
weighted avg       0.71      0.70      0.70        92
=====================================================
Epoch: 30
[[16  7  1  3]
 [ 1 15  2  2]
 [ 0  2 19  0]
 [ 0  4  3 17]]
OA: 72%
Cohen's kappa: 0.64
              precision    recall  f1-score   support

           0       0.94      0.59      0.73        27
           1       0.54      0.75      0.63        20
           2       0.76      0.90      0.83        21
           3       0.77      0.71      0.74        24

   micro avg       0.73      0.73      0.73        92
   macro avg       0.75      0.74      0.73        92
weighted avg       0.77      0.73      0.73        92
=====================================================
Epoch: 31
[[13  7  2  5]
 [ 1 11  7  1]
 [ 0  1 19  1]
 [ 0  0  3 21]]
OA: 69%
Cohen's kappa: 0.59
              precision    recall  f1-score   support

           0       0.93      0.48      0.63        27
           1       0.58      0.55      0.56        20
           2       0.61      0.90      0.73        21
           3       0.75      0.88      0.81        24

   micro avg       0.70      0.70      0.70        92
   macro avg       0.72      0.70      0.68        92
weighted avg       0.73      0.70      0.69        92
=====================================================
Epoch: 32
[[20  3  1  3]
 [ 5 13  2  0]
 [ 0  2 18  1]
 [ 1  5  4 14]]
OA: 70%
Cohen's kappa: 0.6
              precision    recall  f1-score   support

           0       0.77      0.74      0.75        27
           1       0.57      0.65      0.60        20
           2       0.72      0.86      0.78        21
           3       0.78      0.58      0.67        24

   micro avg       0.71      0.71      0.71        92
   macro avg       0.71      0.71      0.70        92
weighted avg       0.72      0.71      0.71        92
=====================================================
Epoch: 33
[[15  7  1  4]
 [ 4 13  2  1]
 [ 0  2 19  0]
 [ 0  2  7 15]]
OA: 67%
Cohen's kappa: 0.56
              precision    recall  f1-score   support

           0       0.79      0.56      0.65        27
           1       0.54      0.65      0.59        20
           2       0.66      0.90      0.76        21
           3       0.75      0.62      0.68        24

   micro avg       0.67      0.67      0.67        92
   macro avg       0.68      0.68      0.67        92
weighted avg       0.69      0.67      0.67        92
=====================================================
Epoch: 34
[[20  4  0  3]
 [ 7 10  1  2]
 [ 0  3 17  1]
 [ 1  4  2 17]]
OA: 69%
Cohen's kappa: 0.59
              precision    recall  f1-score   support

           0       0.71      0.74      0.73        27
           1       0.48      0.50      0.49        20
           2       0.85      0.81      0.83        21
           3       0.74      0.71      0.72        24

   micro avg       0.70      0.70      0.70        92
   macro avg       0.69      0.69      0.69        92
weighted avg       0.70      0.70      0.70        92
=====================================================
Epoch: 35
[[17  8  1  1]
 [ 3 10  4  3]
 [ 0  2 19  0]
 [ 0  6  5 13]]
OA: 64%
Cohen's kappa: 0.52
              precision    recall  f1-score   support

           0       0.85      0.63      0.72        27
           1       0.38      0.50      0.43        20
           2       0.66      0.90      0.76        21
           3       0.76      0.54      0.63        24

   micro avg       0.64      0.64      0.64        92
   macro avg       0.66      0.64      0.64        92
weighted avg       0.68      0.64      0.65        92
=====================================================
Epoch: 36
[[18  7  0  2]
 [ 3 14  1  2]
 [ 0  3 17  1]
 [ 0  5  2 17]]
OA: 71%
Cohen's kappa: 0.62
              precision    recall  f1-score   support

           0       0.86      0.67      0.75        27
           1       0.48      0.70      0.57        20
           2       0.85      0.81      0.83        21
           3       0.77      0.71      0.74        24

   micro avg       0.72      0.72      0.72        92
   macro avg       0.74      0.72      0.72        92
weighted avg       0.75      0.72      0.73        92
=====================================================
Epoch: 37
[[23  3  1  0]
 [ 7  8  5  0]
 [ 0  1 20  0]
 [ 1  6  3 14]]
OA: 70%
Cohen's kappa: 0.6
              precision    recall  f1-score   support

           0       0.74      0.85      0.79        27
           1       0.44      0.40      0.42        20
           2       0.69      0.95      0.80        21
           3       1.00      0.58      0.74        24

   micro avg       0.71      0.71      0.71        92
   macro avg       0.72      0.70      0.69        92
weighted avg       0.73      0.71      0.70        92
=====================================================
Epoch: 38
[[19  7  1  0]
 [ 2 16  2  0]
 [ 0  1 20  0]
 [ 1  9  9  5]]
OA: 65%
Cohen's kappa: 0.54
              precision    recall  f1-score   support

           0       0.86      0.70      0.78        27
           1       0.48      0.80      0.60        20
           2       0.62      0.95      0.75        21
           3       1.00      0.21      0.34        24

   micro avg       0.65      0.65      0.65        92
   macro avg       0.74      0.67      0.62        92
weighted avg       0.76      0.65      0.62        92
=====================================================
Epoch: 39
[[20  6  0  1]
 [ 6 11  2  1]
 [ 0  4 17  0]
 [ 2  7  4 11]]
OA: 64%
Cohen's kappa: 0.52
              precision    recall  f1-score   support

           0       0.71      0.74      0.73        27
           1       0.39      0.55      0.46        20
           2       0.74      0.81      0.77        21
           3       0.85      0.46      0.59        24

   micro avg       0.64      0.64      0.64        92
   macro avg       0.67      0.64      0.64        92
weighted avg       0.68      0.64      0.64        92
=====================================================
Epoch: 40
[[19  5  1  2]
 [ 4 13  2  1]
 [ 0  2 19  0]
 [ 0  2  3 19]]
OA: 76%
Cohen's kappa: 0.68
              precision    recall  f1-score   support

           0       0.83      0.70      0.76        27
           1       0.59      0.65      0.62        20
           2       0.76      0.90      0.83        21
           3       0.86      0.79      0.83        24

   micro avg       0.76      0.76      0.76        92
   macro avg       0.76      0.76      0.76        92
weighted avg       0.77      0.76      0.76        92
=====================================================
Epoch: 41
[[14  9  0  4]
 [ 2 16  1  1]
 [ 0  2 18  1]
 [ 0  4  2 18]]
OA: 71%
Cohen's kappa: 0.62
              precision    recall  f1-score   support

           0       0.88      0.52      0.65        27
           1       0.52      0.80      0.63        20
           2       0.86      0.86      0.86        21
           3       0.75      0.75      0.75        24

   micro avg       0.72      0.72      0.72        92
   macro avg       0.75      0.73      0.72        92
weighted avg       0.76      0.72      0.72        92
=====================================================
Epoch: 42
[[15 10  1  1]
 [ 1 18  1  0]
 [ 0  3 17  1]
 [ 0  7  2 15]]
OA: 70%
Cohen's kappa: 0.61
              precision    recall  f1-score   support

           0       0.94      0.56      0.70        27
           1       0.47      0.90      0.62        20
           2       0.81      0.81      0.81        21
           3       0.88      0.62      0.73        24

   micro avg       0.71      0.71      0.71        92
   macro avg       0.78      0.72      0.71        92
weighted avg       0.79      0.71      0.72        92
=====================================================
Epoch: 43
[[18  4  1  4]
 [ 1  9  5  5]
 [ 0  2 19  0]
 [ 0  2  4 18]]
OA: 69%
Cohen's kappa: 0.59
              precision    recall  f1-score   support

           0       0.95      0.67      0.78        27
           1       0.53      0.45      0.49        20
           2       0.66      0.90      0.76        21
           3       0.67      0.75      0.71        24

   micro avg       0.70      0.70      0.70        92
   macro avg       0.70      0.69      0.68        92
weighted avg       0.72      0.70      0.69        92
=====================================================
Epoch: 44
[[18  8  0  1]
 [ 1 15  3  1]
 [ 0  5 16  0]
 [ 0 10  3 11]]
OA: 65%
Cohen's kappa: 0.54
              precision    recall  f1-score   support

           0       0.95      0.67      0.78        27
           1       0.39      0.75      0.52        20
           2       0.73      0.76      0.74        21
           3       0.85      0.46      0.59        24

   micro avg       0.65      0.65      0.65        92
   macro avg       0.73      0.66      0.66        92
weighted avg       0.75      0.65      0.67        92
=====================================================
Epoch: 45
[[21  4  1  1]
 [ 5 10  2  3]
 [ 0  2 19  0]
 [ 0  4  3 17]]
OA: 72%
Cohen's kappa: 0.63
              precision    recall  f1-score   support

           0       0.81      0.78      0.79        27
           1       0.50      0.50      0.50        20
           2       0.76      0.90      0.83        21
           3       0.81      0.71      0.76        24

   micro avg       0.73      0.73      0.73        92
   macro avg       0.72      0.72      0.72        92
weighted avg       0.73      0.73      0.73        92
=====================================================
Epoch: 46
[[19  7  1  0]
 [ 3 14  3  0]
 [ 0  2 18  1]
 [ 0  9  2 13]]
OA: 69%
Cohen's kappa: 0.59
              precision    recall  f1-score   support

           0       0.86      0.70      0.78        27
           1       0.44      0.70      0.54        20
           2       0.75      0.86      0.80        21
           3       0.93      0.54      0.68        24

   micro avg       0.70      0.70      0.70        92
   macro avg       0.74      0.70      0.70        92
weighted avg       0.76      0.70      0.71        92
=====================================================
Epoch: 47
[[19  7  1  0]
 [ 2 11  6  1]
 [ 0  1 20  0]
 [ 0  6  5 13]]
OA: 68%
Cohen's kappa: 0.58
              precision    recall  f1-score   support

           0       0.90      0.70      0.79        27
           1       0.44      0.55      0.49        20
           2       0.62      0.95      0.75        21
           3       0.93      0.54      0.68        24

   micro avg       0.68      0.68      0.68        92
   macro avg       0.72      0.69      0.68        92
weighted avg       0.75      0.68      0.69        92
=====================================================
Epoch: 48
[[22  4  1  0]
 [ 3 10  5  2]
 [ 0  1 20  0]
 [ 0  5  2 17]]
OA: 75%
Cohen's kappa: 0.66
              precision    recall  f1-score   support

           0       0.88      0.81      0.85        27
           1       0.50      0.50      0.50        20
           2       0.71      0.95      0.82        21
           3       0.89      0.71      0.79        24

   micro avg       0.75      0.75      0.75        92
   macro avg       0.75      0.74      0.74        92
weighted avg       0.76      0.75      0.75        92
=====================================================
Epoch: 49
[[18  7  2  0]
 [ 0 11  9  0]
 [ 0  1 20  0]
 [ 0  8  4 12]]
OA: 66%
Cohen's kappa: 0.55
              precision    recall  f1-score   support

           0       1.00      0.67      0.80        27
           1       0.41      0.55      0.47        20
           2       0.57      0.95      0.71        21
           3       1.00      0.50      0.67        24

   micro avg       0.66      0.66      0.66        92
   macro avg       0.74      0.67      0.66        92
weighted avg       0.77      0.66      0.67        92
=====================================================
Epoch: 50
[[21  5  1  0]
 [ 5  9  5  1]
 [ 0  3 18  0]
 [ 1  5  4 14]]
OA: 67%
Cohen's kappa: 0.56
              precision    recall  f1-score   support

           0       0.78      0.78      0.78        27
           1       0.41      0.45      0.43        20
           2       0.64      0.86      0.73        21
           3       0.93      0.58      0.72        24

   micro avg       0.67      0.67      0.67        92
   macro avg       0.69      0.67      0.66        92
weighted avg       0.71      0.67      0.68        92
=====================================================
Epoch: 51
[[21  4  1  1]
 [ 5  6  4  5]
 [ 0  1 20  0]
 [ 0  3  4 17]]
OA: 69%
Cohen's kappa: 0.59
              precision    recall  f1-score   support

           0       0.81      0.78      0.79        27
           1       0.43      0.30      0.35        20
           2       0.69      0.95      0.80        21
           3       0.74      0.71      0.72        24

   micro avg       0.70      0.70      0.70        92
   macro avg       0.67      0.68      0.67        92
weighted avg       0.68      0.70      0.68        92
=====================================================
Epoch: 52
[[21  3  1  2]
 [ 6  6  4  4]
 [ 0  1 20  0]
 [ 0  3  6 15]]
OA: 67%
Cohen's kappa: 0.56
              precision    recall  f1-score   support

           0       0.78      0.78      0.78        27
           1       0.46      0.30      0.36        20
           2       0.65      0.95      0.77        21
           3       0.71      0.62      0.67        24

   micro avg       0.67      0.67      0.67        92
   macro avg       0.65      0.66      0.64        92
weighted avg       0.66      0.67      0.66        92
=====================================================
Epoch: 53
[[16 10  1  0]
 [ 1 12  6  1]
 [ 0  1 20  0]
 [ 1  3  3 17]]
OA: 70%
Cohen's kappa: 0.61
              precision    recall  f1-score   support

           0       0.89      0.59      0.71        27
           1       0.46      0.60      0.52        20
           2       0.67      0.95      0.78        21
           3       0.94      0.71      0.81        24

   micro avg       0.71      0.71      0.71        92
   macro avg       0.74      0.71      0.71        92
weighted avg       0.76      0.71      0.71        92
=====================================================
Epoch: 54
[[14 12  1  0]
 [ 1 17  2  0]
 [ 0  2 18  1]
 [ 0  7  2 15]]
OA: 69%
Cohen's kappa: 0.59
              precision    recall  f1-score   support

           0       0.93      0.52      0.67        27
           1       0.45      0.85      0.59        20
           2       0.78      0.86      0.82        21
           3       0.94      0.62      0.75        24

   micro avg       0.70      0.70      0.70        92
   macro avg       0.78      0.71      0.71        92
weighted avg       0.79      0.70      0.71        92
=====================================================
Epoch: 55
[[15 12  0  0]
 [ 1 17  2  0]
 [ 0  5 16  0]
 [ 0  9  4 11]]
OA: 64%
Cohen's kappa: 0.52
              precision    recall  f1-score   support

           0       0.94      0.56      0.70        27
           1       0.40      0.85      0.54        20
           2       0.73      0.76      0.74        21
           3       1.00      0.46      0.63        24

   micro avg       0.64      0.64      0.64        92
   macro avg       0.77      0.66      0.65        92
weighted avg       0.79      0.64      0.66        92
=====================================================
Epoch: 56
[[18  6  1  2]
 [ 3  8  6  3]
 [ 0  1 20  0]
 [ 0  7  2 15]]
OA: 66%
Cohen's kappa: 0.55
              precision    recall  f1-score   support

           0       0.86      0.67      0.75        27
           1       0.36      0.40      0.38        20
           2       0.69      0.95      0.80        21
           3       0.75      0.62      0.68        24

   micro avg       0.66      0.66      0.66        92
   macro avg       0.67      0.66      0.65        92
weighted avg       0.68      0.66      0.66        92
=====================================================
Epoch: 57
[[17  7  1  2]
 [ 2 13  2  3]
 [ 0  4 17  0]
 [ 0  9  1 14]]
OA: 66%
Cohen's kappa: 0.55
              precision    recall  f1-score   support

           0       0.89      0.63      0.74        27
           1       0.39      0.65      0.49        20
           2       0.81      0.81      0.81        21
           3       0.74      0.58      0.65        24

   micro avg       0.66      0.66      0.66        92
   macro avg       0.71      0.67      0.67        92
weighted avg       0.73      0.66      0.68        92
=====================================================
Epoch: 58
[[18  8  1  0]
 [ 1 18  1  0]
 [ 0  3 18  0]
 [ 1  9  4 10]]
OA: 69%
Cohen's kappa: 0.59
              precision    recall  f1-score   support

           0       0.90      0.67      0.77        27
           1       0.47      0.90      0.62        20
           2       0.75      0.86      0.80        21
           3       1.00      0.42      0.59        24

   micro avg       0.70      0.70      0.70        92
   macro avg       0.78      0.71      0.69        92
weighted avg       0.80      0.70      0.70        92
=====================================================
Epoch: 59
[[17  4  2  4]
 [ 5  7  6  2]
 [ 0  1 19  1]
 [ 0  5  1 18]]
OA: 66%
Cohen's kappa: 0.55
              precision    recall  f1-score   support

           0       0.77      0.63      0.69        27
           1       0.41      0.35      0.38        20
           2       0.68      0.90      0.78        21
           3       0.72      0.75      0.73        24

   micro avg       0.66      0.66      0.66        92
   macro avg       0.65      0.66      0.65        92
weighted avg       0.66      0.66      0.65        92
=====================================================
Epoch: 60
[[17  8  1  1]
 [ 2 12  4  2]
 [ 0  1 20  0]
 [ 1  5  5 13]]
OA: 67%
Cohen's kappa: 0.56
              precision    recall  f1-score   support

           0       0.85      0.63      0.72        27
           1       0.46      0.60      0.52        20
           2       0.67      0.95      0.78        21
           3       0.81      0.54      0.65        24

   micro avg       0.67      0.67      0.67        92
   macro avg       0.70      0.68      0.67        92
weighted avg       0.71      0.67      0.67        92
=====================================================
Epoch: 61
[[17  8  1  1]
 [ 2 13  4  1]
 [ 0  1 20  0]
 [ 0  8  3 13]]
OA: 68%
Cohen's kappa: 0.58
              precision    recall  f1-score   support

           0       0.89      0.63      0.74        27
           1       0.43      0.65      0.52        20
           2       0.71      0.95      0.82        21
           3       0.87      0.54      0.67        24

   micro avg       0.68      0.68      0.68        92
   macro avg       0.73      0.69      0.69        92
weighted avg       0.75      0.68      0.69        92
=====================================================
Epoch: 62
[[16  9  1  1]
 [ 3 13  2  2]
 [ 0  3 18  0]
 [ 0  9  1 14]]
OA: 66%
Cohen's kappa: 0.55
              precision    recall  f1-score   support

           0       0.84      0.59      0.70        27
           1       0.38      0.65      0.48        20
           2       0.82      0.86      0.84        21
           3       0.82      0.58      0.68        24

   micro avg       0.66      0.66      0.66        92
   macro avg       0.72      0.67      0.67        92
weighted avg       0.73      0.66      0.68        92
=====================================================
Epoch: 63
[[17  6  1  3]
 [ 2 11  5  2]
 [ 0  1 20  0]
 [ 1  3  3 17]]
OA: 70%
Cohen's kappa: 0.6
              precision    recall  f1-score   support

           0       0.85      0.63      0.72        27
           1       0.52      0.55      0.54        20
           2       0.69      0.95      0.80        21
           3       0.77      0.71      0.74        24

   micro avg       0.71      0.71      0.71        92
   macro avg       0.71      0.71      0.70        92
weighted avg       0.72      0.71      0.70        92
=====================================================
Epoch: 64
[[19  5  1  2]
 [ 4  9  6  1]
 [ 0  1 20  0]
 [ 2  5  4 13]]
OA: 66%
Cohen's kappa: 0.55
              precision    recall  f1-score   support

           0       0.76      0.70      0.73        27
           1       0.45      0.45      0.45        20
           2       0.65      0.95      0.77        21
           3       0.81      0.54      0.65        24

   micro avg       0.66      0.66      0.66        92
   macro avg       0.67      0.66      0.65        92
weighted avg       0.68      0.66      0.66        92
=====================================================
Epoch: 65
[[16  8  1  2]
 [ 1 12  6  1]
 [ 0  1 20  0]
 [ 0  2  7 15]]
OA: 68%
Cohen's kappa: 0.58
              precision    recall  f1-score   support

           0       0.94      0.59      0.73        27
           1       0.52      0.60      0.56        20
           2       0.59      0.95      0.73        21
           3       0.83      0.62      0.71        24

   micro avg       0.68      0.68      0.68        92
   macro avg       0.72      0.69      0.68        92
weighted avg       0.74      0.68      0.69        92
=====================================================
Epoch: 66
[[17  7  1  2]
 [ 1 12  6  1]
 [ 0  1 20  0]
 [ 0  4  5 15]]
OA: 69%
Cohen's kappa: 0.59
              precision    recall  f1-score   support

           0       0.94      0.63      0.76        27
           1       0.50      0.60      0.55        20
           2       0.62      0.95      0.75        21
           3       0.83      0.62      0.71        24

   micro avg       0.70      0.70      0.70        92
   macro avg       0.73      0.70      0.69        92
weighted avg       0.75      0.70      0.70        92
=====================================================
Epoch: 67
[[22  3  1  1]
 [ 7  6  6  1]
 [ 1  0 20  0]
 [ 1  5  3 15]]
OA: 68%
Cohen's kappa: 0.57
              precision    recall  f1-score   support

           0       0.71      0.81      0.76        27
           1       0.43      0.30      0.35        20
           2       0.67      0.95      0.78        21
           3       0.88      0.62      0.73        24

   micro avg       0.68      0.68      0.68        92
   macro avg       0.67      0.67      0.66        92
weighted avg       0.68      0.68      0.67        92
=====================================================
Epoch: 68
[[16  8  1  2]
 [ 2 13  3  2]
 [ 0  2 18  1]
 [ 0  4  5 15]]
OA: 67%
Cohen's kappa: 0.56
              precision    recall  f1-score   support

           0       0.89      0.59      0.71        27
           1       0.48      0.65      0.55        20
           2       0.67      0.86      0.75        21
           3       0.75      0.62      0.68        24

   micro avg       0.67      0.67      0.67        92
   macro avg       0.70      0.68      0.67        92
weighted avg       0.71      0.67      0.68        92
=====================================================
Epoch: 69
[[18  6  1  2]
 [ 3 15  2  0]
 [ 0  3 18  0]
 [ 0  9  1 14]]
OA: 70%
Cohen's kappa: 0.61
              precision    recall  f1-score   support

           0       0.86      0.67      0.75        27
           1       0.45      0.75      0.57        20
           2       0.82      0.86      0.84        21
           3       0.88      0.58      0.70        24

   micro avg       0.71      0.71      0.71        92
   macro avg       0.75      0.71      0.71        92
weighted avg       0.77      0.71      0.72        92
=====================================================
Epoch: 70
[[16  7  2  2]
 [ 3 15  2  0]
 [ 0  2 19  0]
 [ 0  5  5 14]]
OA: 69%
Cohen's kappa: 0.59
              precision    recall  f1-score   support

           0       0.84      0.59      0.70        27
           1       0.52      0.75      0.61        20
           2       0.68      0.90      0.78        21
           3       0.88      0.58      0.70        24

   micro avg       0.70      0.70      0.70        92
   macro avg       0.73      0.71      0.70        92
weighted avg       0.74      0.70      0.70        92
=====================================================
Epoch: 71
[[17  6  1  3]
 [ 2 11  4  3]
 [ 0  2 17  2]
 [ 0  5  0 19]]
OA: 69%
Cohen's kappa: 0.59
              precision    recall  f1-score   support

           0       0.89      0.63      0.74        27
           1       0.46      0.55      0.50        20
           2       0.77      0.81      0.79        21
           3       0.70      0.79      0.75        24

   micro avg       0.70      0.70      0.70        92
   macro avg       0.71      0.70      0.69        92
weighted avg       0.72      0.70      0.70        92
=====================================================
Epoch: 72
[[15  7  2  3]
 [ 2 11  6  1]
 [ 0  1 20  0]
 [ 0  2  5 17]]
OA: 68%
Cohen's kappa: 0.58
              precision    recall  f1-score   support

           0       0.88      0.56      0.68        27
           1       0.52      0.55      0.54        20
           2       0.61      0.95      0.74        21
           3       0.81      0.71      0.76        24

   micro avg       0.68      0.68      0.68        92
   macro avg       0.71      0.69      0.68        92
weighted avg       0.72      0.68      0.68        92
=====================================================
Epoch: 73
[[17  5  3  2]
 [ 5  8  6  1]
 [ 0  1 20  0]
 [ 1  4  5 14]]
OA: 64%
Cohen's kappa: 0.52
              precision    recall  f1-score   support

           0       0.74      0.63      0.68        27
           1       0.44      0.40      0.42        20
           2       0.59      0.95      0.73        21
           3       0.82      0.58      0.68        24

   micro avg       0.64      0.64      0.64        92
   macro avg       0.65      0.64      0.63        92
weighted avg       0.66      0.64      0.64        92
=====================================================
Epoch: 74
[[16  9  0  2]
 [ 1 17  1  1]
 [ 0  3 18  0]
 [ 1  6  0 17]]
OA: 73%
Cohen's kappa: 0.65
              precision    recall  f1-score   support

           0       0.89      0.59      0.71        27
           1       0.49      0.85      0.62        20
           2       0.95      0.86      0.90        21
           3       0.85      0.71      0.77        24

   micro avg       0.74      0.74      0.74        92
   macro avg       0.79      0.75      0.75        92
weighted avg       0.80      0.74      0.75        92
=====================================================
Epoch: 75
[[17  7  1  2]
 [ 2 14  2  2]
 [ 0  4 17  0]
 [ 1  6  3 14]]
OA: 67%
Cohen's kappa: 0.56
              precision    recall  f1-score   support

           0       0.85      0.63      0.72        27
           1       0.45      0.70      0.55        20
           2       0.74      0.81      0.77        21
           3       0.78      0.58      0.67        24

   micro avg       0.67      0.67      0.67        92
   macro avg       0.70      0.68      0.68        92
weighted avg       0.72      0.67      0.68        92
=====================================================
Epoch: 76
[[16  8  1  2]
 [ 3 15  2  0]
 [ 0  3 18  0]
 [ 1  7  3 13]]
OA: 67%
Cohen's kappa: 0.56
              precision    recall  f1-score   support

           0       0.80      0.59      0.68        27
           1       0.45      0.75      0.57        20
           2       0.75      0.86      0.80        21
           3       0.87      0.54      0.67        24

   micro avg       0.67      0.67      0.67        92
   macro avg       0.72      0.69      0.68        92
weighted avg       0.73      0.67      0.68        92
=====================================================
Epoch: 77
[[20  4  1  2]
 [ 3 12  3  2]
 [ 0  2 18  1]
 [ 1  3  6 14]]
OA: 69%
Cohen's kappa: 0.59
              precision    recall  f1-score   support

           0       0.83      0.74      0.78        27
           1       0.57      0.60      0.59        20
           2       0.64      0.86      0.73        21
           3       0.74      0.58      0.65        24

   micro avg       0.70      0.70      0.70        92
   macro avg       0.70      0.70      0.69        92
weighted avg       0.71      0.70      0.70        92
=====================================================
Epoch: 78
[[22  4  1  0]
 [ 3 15  2  0]
 [ 0  4 17  0]
 [ 2  5  7 10]]
OA: 69%
Cohen's kappa: 0.59
              precision    recall  f1-score   support

           0       0.81      0.81      0.81        27
           1       0.54      0.75      0.63        20
           2       0.63      0.81      0.71        21
           3       1.00      0.42      0.59        24

   micro avg       0.70      0.70      0.70        92
   macro avg       0.75      0.70      0.68        92
weighted avg       0.76      0.70      0.69        92
=====================================================
Epoch: 79
[[16  7  1  3]
 [ 1 12  4  3]
 [ 0  2 17  2]
 [ 1  4  4 15]]
OA: 65%
Cohen's kappa: 0.53
              precision    recall  f1-score   support

           0       0.89      0.59      0.71        27
           1       0.48      0.60      0.53        20
           2       0.65      0.81      0.72        21
           3       0.65      0.62      0.64        24

   micro avg       0.65      0.65      0.65        92
   macro avg       0.67      0.66      0.65        92
weighted avg       0.68      0.65      0.66        92
=====================================================
Epoch: 80
[[18  7  1  1]
 [ 2 15  2  1]
 [ 0  2 18  1]
 [ 1  7  3 13]]
OA: 69%
Cohen's kappa: 0.59
              precision    recall  f1-score   support

           0       0.86      0.67      0.75        27
           1       0.48      0.75      0.59        20
           2       0.75      0.86      0.80        21
           3       0.81      0.54      0.65        24

   micro avg       0.70      0.70      0.70        92
   macro avg       0.73      0.70      0.70        92
weighted avg       0.74      0.70      0.70        92
=====================================================
Epoch: 81
[[23  4  0  0]
 [ 3 13  3  1]
 [ 0  3 17  1]
 [ 2  6  1 15]]
OA: 73%
Cohen's kappa: 0.65
              precision    recall  f1-score   support

           0       0.82      0.85      0.84        27
           1       0.50      0.65      0.57        20
           2       0.81      0.81      0.81        21
           3       0.88      0.62      0.73        24

   micro avg       0.74      0.74      0.74        92
   macro avg       0.75      0.73      0.74        92
weighted avg       0.76      0.74      0.74        92
=====================================================
Epoch: 82
[[19  7  1  0]
 [ 2 13  5  0]
 [ 0  2 19  0]
 [ 1  5  5 13]]
OA: 69%
Cohen's kappa: 0.59
              precision    recall  f1-score   support

           0       0.86      0.70      0.78        27
           1       0.48      0.65      0.55        20
           2       0.63      0.90      0.75        21
           3       1.00      0.54      0.70        24

   micro avg       0.70      0.70      0.70        92
   macro avg       0.74      0.70      0.69        92
weighted avg       0.76      0.70      0.70        92
=====================================================
Epoch: 83
[[17  8  1  1]
 [ 1 13  5  1]
 [ 0  3 18  0]
 [ 0  5  5 14]]
OA: 67%
Cohen's kappa: 0.56
              precision    recall  f1-score   support

           0       0.94      0.63      0.76        27
           1       0.45      0.65      0.53        20
           2       0.62      0.86      0.72        21
           3       0.88      0.58      0.70        24

   micro avg       0.67      0.67      0.67        92
   macro avg       0.72      0.68      0.68        92
weighted avg       0.74      0.67      0.68        92
=====================================================
Epoch: 84
[[19  8  0  0]
 [ 4 12  4  0]
 [ 0  2 19  0]
 [ 1  9  2 12]]
OA: 67%
Cohen's kappa: 0.56
              precision    recall  f1-score   support

           0       0.79      0.70      0.75        27
           1       0.39      0.60      0.47        20
           2       0.76      0.90      0.83        21
           3       1.00      0.50      0.67        24

   micro avg       0.67      0.67      0.67        92
   macro avg       0.73      0.68      0.68        92
weighted avg       0.75      0.67      0.68        92
=====================================================
Epoch: 85
[[16  9  0  2]
 [ 2 13  4  1]
 [ 0  2 19  0]
 [ 0  6  2 16]]
OA: 69%
Cohen's kappa: 0.59
              precision    recall  f1-score   support

           0       0.89      0.59      0.71        27
           1       0.43      0.65      0.52        20
           2       0.76      0.90      0.83        21
           3       0.84      0.67      0.74        24

   micro avg       0.70      0.70      0.70        92
   macro avg       0.73      0.70      0.70        92
weighted avg       0.75      0.70      0.70        92
=====================================================
Epoch: 86
[[16  7  4  0]
 [ 2 11  5  2]
 [ 0  2 19  0]
 [ 0  4  5 15]]
OA: 66%
Cohen's kappa: 0.55
              precision    recall  f1-score   support

           0       0.89      0.59      0.71        27
           1       0.46      0.55      0.50        20
           2       0.58      0.90      0.70        21
           3       0.88      0.62      0.73        24

   micro avg       0.66      0.66      0.66        92
   macro avg       0.70      0.67      0.66        92
weighted avg       0.72      0.66      0.67        92
=====================================================
Epoch: 87
[[18  8  0  1]
 [ 2 11  5  2]
 [ 0  3 18  0]
 [ 1  4  3 16]]
OA: 68%
Cohen's kappa: 0.58
              precision    recall  f1-score   support

           0       0.86      0.67      0.75        27
           1       0.42      0.55      0.48        20
           2       0.69      0.86      0.77        21
           3       0.84      0.67      0.74        24

   micro avg       0.68      0.68      0.68        92
   macro avg       0.70      0.69      0.68        92
weighted avg       0.72      0.68      0.69        92
=====================================================
Epoch: 88
[[18  7  1  1]
 [ 3 10  5  2]
 [ 0  2 19  0]
 [ 1  3  5 15]]
OA: 67%
Cohen's kappa: 0.56
              precision    recall  f1-score   support

           0       0.82      0.67      0.73        27
           1       0.45      0.50      0.48        20
           2       0.63      0.90      0.75        21
           3       0.83      0.62      0.71        24

   micro avg       0.67      0.67      0.67        92
   macro avg       0.68      0.67      0.67        92
weighted avg       0.70      0.67      0.68        92
=====================================================
Epoch: 89
[[16  7  0  4]
 [ 1 13  4  2]
 [ 0  2 19  0]
 [ 0  3  2 19]]
OA: 72%
Cohen's kappa: 0.63
              precision    recall  f1-score   support

           0       0.94      0.59      0.73        27
           1       0.52      0.65      0.58        20
           2       0.76      0.90      0.83        21
           3       0.76      0.79      0.78        24

   micro avg       0.73      0.73      0.73        92
   macro avg       0.75      0.73      0.73        92
weighted avg       0.76      0.73      0.73        92
=====================================================
Epoch: 90
[[17  8  0  2]
 [ 2 14  3  1]
 [ 0  2 19  0]
 [ 0  4  1 19]]
OA: 75%
Cohen's kappa: 0.66
              precision    recall  f1-score   support

           0       0.89      0.63      0.74        27
           1       0.50      0.70      0.58        20
           2       0.83      0.90      0.86        21
           3       0.86      0.79      0.83        24

   micro avg       0.75      0.75      0.75        92
   macro avg       0.77      0.76      0.75        92
weighted avg       0.79      0.75      0.76        92
=====================================================
Epoch: 91
[[20  5  0  2]
 [ 3 11  4  2]
 [ 1  0 20  0]
 [ 0  4  6 14]]
OA: 70%
Cohen's kappa: 0.6
              precision    recall  f1-score   support

           0       0.83      0.74      0.78        27
           1       0.55      0.55      0.55        20
           2       0.67      0.95      0.78        21
           3       0.78      0.58      0.67        24

   micro avg       0.71      0.71      0.71        92
   macro avg       0.71      0.71      0.70        92
weighted avg       0.72      0.71      0.70        92
=====================================================
Epoch: 92
[[18  7  0  2]
 [ 2 15  3  0]
 [ 0  2 19  0]
 [ 0  4  6 14]]
OA: 71%
Cohen's kappa: 0.62
              precision    recall  f1-score   support

           0       0.90      0.67      0.77        27
           1       0.54      0.75      0.63        20
           2       0.68      0.90      0.78        21
           3       0.88      0.58      0.70        24

   micro avg       0.72      0.72      0.72        92
   macro avg       0.75      0.73      0.72        92
weighted avg       0.76      0.72      0.72        92
=====================================================
Epoch: 93
[[16  9  0  2]
 [ 1 16  2  1]
 [ 0  2 19  0]
 [ 0  7  2 15]]
OA: 71%
Cohen's kappa: 0.62
              precision    recall  f1-score   support

           0       0.94      0.59      0.73        27
           1       0.47      0.80      0.59        20
           2       0.83      0.90      0.86        21
           3       0.83      0.62      0.71        24

   micro avg       0.72      0.72      0.72        92
   macro avg       0.77      0.73      0.72        92
weighted avg       0.78      0.72      0.73        92
=====================================================
Epoch: 94
[[17  8  1  1]
 [ 2 16  2  0]
 [ 1  1 18  1]
 [ 0  6  1 17]]
OA: 73%
Cohen's kappa: 0.65
              precision    recall  f1-score   support

           0       0.85      0.63      0.72        27
           1       0.52      0.80      0.63        20
           2       0.82      0.86      0.84        21
           3       0.89      0.71      0.79        24

   micro avg       0.74      0.74      0.74        92
   macro avg       0.77      0.75      0.74        92
weighted avg       0.78      0.74      0.75        92
=====================================================
Epoch: 95
[[20  5  1  1]
 [ 2 14  4  0]
 [ 0  2 19  0]
 [ 0  4  4 16]]
OA: 75%
Cohen's kappa: 0.66
              precision    recall  f1-score   support

           0       0.91      0.74      0.82        27
           1       0.56      0.70      0.62        20
           2       0.68      0.90      0.78        21
           3       0.94      0.67      0.78        24

   micro avg       0.75      0.75      0.75        92
   macro avg       0.77      0.75      0.75        92
weighted avg       0.79      0.75      0.76        92
=====================================================
Epoch: 96
[[18  8  1  0]
 [ 2 15  3  0]
 [ 0  2 19  0]
 [ 0  6  3 15]]
OA: 72%
Cohen's kappa: 0.64
              precision    recall  f1-score   support

           0       0.90      0.67      0.77        27
           1       0.48      0.75      0.59        20
           2       0.73      0.90      0.81        21
           3       1.00      0.62      0.77        24

   micro avg       0.73      0.73      0.73        92
   macro avg       0.78      0.74      0.73        92
weighted avg       0.80      0.73      0.74        92
=====================================================
Epoch: 97
[[18  4  1  4]
 [ 4 11  4  1]
 [ 1  1 19  0]
 [ 0  2  5 17]]
OA: 70%
Cohen's kappa: 0.6
              precision    recall  f1-score   support

           0       0.78      0.67      0.72        27
           1       0.61      0.55      0.58        20
           2       0.66      0.90      0.76        21
           3       0.77      0.71      0.74        24

   micro avg       0.71      0.71      0.71        92
   macro avg       0.71      0.71      0.70        92
weighted avg       0.71      0.71      0.70        92
=====================================================
Epoch: 98
[[17  7  1  2]
 [ 2 12  5  1]
 [ 0  2 19  0]
 [ 0  4  2 18]]
OA: 71%
Cohen's kappa: 0.62
              precision    recall  f1-score   support

           0       0.89      0.63      0.74        27
           1       0.48      0.60      0.53        20
           2       0.70      0.90      0.79        21
           3       0.86      0.75      0.80        24

   micro avg       0.72      0.72      0.72        92
   macro avg       0.73      0.72      0.72        92
weighted avg       0.75      0.72      0.72        92
=====================================================
Epoch: 99
[[18  5  2  2]
 [ 3 11  5  1]
 [ 0  2 19  0]
 [ 0  3  8 13]]
OA: 66%
Cohen's kappa: 0.55
              precision    recall  f1-score   support

           0       0.86      0.67      0.75        27
           1       0.52      0.55      0.54        20
           2       0.56      0.90      0.69        21
           3       0.81      0.54      0.65        24

   micro avg       0.66      0.66      0.66        92
   macro avg       0.69      0.67      0.66        92
weighted avg       0.70      0.66      0.66        92
=====================================================
Epoch: 100
[[18  8  1  0]
 [ 2 14  4  0]
 [ 0  2 18  1]
 [ 1  8  6  9]]
OA: 64%
Cohen's kappa: 0.52
              precision    recall  f1-score   support

           0       0.86      0.67      0.75        27
           1       0.44      0.70      0.54        20
           2       0.62      0.86      0.72        21
           3       0.90      0.38      0.53        24

   micro avg       0.64      0.64      0.64        92
   macro avg       0.70      0.65      0.63        92
weighted avg       0.72      0.64      0.64        92
