=====================================================
Epoch: 1
[[ 34 101   0  14]
 [  1 148   0   0]
 [  8   9 118  14]
 [ 38  59  15  37]]
OA: 56%
Cohen's kappa: 0.42
              precision    recall  f1-score   support

           0       0.42      0.23      0.30       149
           1       0.47      0.99      0.64       149
           2       0.89      0.79      0.84       149
           3       0.57      0.25      0.35       149

   micro avg       0.57      0.57      0.57       596
   macro avg       0.59      0.57      0.53       596
weighted avg       0.59      0.57      0.53       596
=====================================================
Epoch: 2
[[ 63   0   0  86]
 [ 31  84   0  34]
 [  0   0 125  24]
 [ 14   1  17 117]]
OA: 65%
Cohen's kappa: 0.53
              precision    recall  f1-score   support

           0       0.58      0.42      0.49       149
           1       0.99      0.56      0.72       149
           2       0.88      0.84      0.86       149
           3       0.45      0.79      0.57       149

   micro avg       0.65      0.65      0.65       596
   macro avg       0.73      0.65      0.66       596
weighted avg       0.73      0.65      0.66       596
=====================================================
Epoch: 3
[[113   4   0  32]
 [ 11 112   0  26]
 [  3   1 130  15]
 [ 45   4  29  71]]
OA: 71%
Cohen's kappa: 0.61
              precision    recall  f1-score   support

           0       0.66      0.76      0.70       149
           1       0.93      0.75      0.83       149
           2       0.82      0.87      0.84       149
           3       0.49      0.48      0.48       149

   micro avg       0.71      0.71      0.71       596
   macro avg       0.72      0.71      0.72       596
weighted avg       0.72      0.71      0.72       596
=====================================================
Epoch: 4
[[ 73  22  11  43]
 [  1 148   0   0]
 [  0   1 148   0]
 [  9  14  59  67]]
OA: 73%
Cohen's kappa: 0.64
              precision    recall  f1-score   support

           0       0.88      0.49      0.63       149
           1       0.80      0.99      0.89       149
           2       0.68      0.99      0.81       149
           3       0.61      0.45      0.52       149

   micro avg       0.73      0.73      0.73       596
   macro avg       0.74      0.73      0.71       596
weighted avg       0.74      0.73      0.71       596
=====================================================
Epoch: 5
[[ 51  91   0   7]
 [  0 149   0   0]
 [  1   7 128  13]
 [ 18  42  21  68]]
OA: 66%
Cohen's kappa: 0.55
              precision    recall  f1-score   support

           0       0.73      0.34      0.47       149
           1       0.52      1.00      0.68       149
           2       0.86      0.86      0.86       149
           3       0.77      0.46      0.57       149

   micro avg       0.66      0.66      0.66       596
   macro avg       0.72      0.66      0.64       596
weighted avg       0.72      0.66      0.64       596
=====================================================
Epoch: 6
[[ 95  12   0  42]
 [  9 137   0   3]
 [  2   0 107  40]
 [ 12   5  10 122]]
OA: 77%
Cohen's kappa: 0.69
              precision    recall  f1-score   support

           0       0.81      0.64      0.71       149
           1       0.89      0.92      0.90       149
           2       0.91      0.72      0.80       149
           3       0.59      0.82      0.69       149

   micro avg       0.77      0.77      0.77       596
   macro avg       0.80      0.77      0.78       596
weighted avg       0.80      0.77      0.78       596
=====================================================
Epoch: 7
[[ 78   4   3  64]
 [  6 134   0   9]
 [  0   0 145   4]
 [ 17   2  30 100]]
OA: 76%
Cohen's kappa: 0.68
              precision    recall  f1-score   support

           0       0.77      0.52      0.62       149
           1       0.96      0.90      0.93       149
           2       0.81      0.97      0.89       149
           3       0.56      0.67      0.61       149

   micro avg       0.77      0.77      0.77       596
   macro avg       0.78      0.77      0.76       596
weighted avg       0.78      0.77      0.76       596
=====================================================
Epoch: 8
[[ 89  19   0  41]
 [  1 147   0   1]
 [  1   2 140   6]
 [ 11   7  20 111]]
OA: 81%
Cohen's kappa: 0.75
              precision    recall  f1-score   support

           0       0.87      0.60      0.71       149
           1       0.84      0.99      0.91       149
           2       0.88      0.94      0.91       149
           3       0.70      0.74      0.72       149

   micro avg       0.82      0.82      0.82       596
   macro avg       0.82      0.82      0.81       596
weighted avg       0.82      0.82      0.81       596
=====================================================
Epoch: 9
[[111  23   0  15]
 [  1 147   0   1]
 [  1   3 140   5]
 [ 39  10  19  81]]
OA: 80%
Cohen's kappa: 0.73
              precision    recall  f1-score   support

           0       0.73      0.74      0.74       149
           1       0.80      0.99      0.89       149
           2       0.88      0.94      0.91       149
           3       0.79      0.54      0.65       149

   micro avg       0.80      0.80      0.80       596
   macro avg       0.80      0.80      0.79       596
weighted avg       0.80      0.80      0.79       596
=====================================================
Epoch: 10
[[ 88  18   5  38]
 [  1 146   0   2]
 [  0   0 144   5]
 [ 14   5  39  91]]
OA: 78%
Cohen's kappa: 0.71
              precision    recall  f1-score   support

           0       0.85      0.59      0.70       149
           1       0.86      0.98      0.92       149
           2       0.77      0.97      0.85       149
           3       0.67      0.61      0.64       149

   micro avg       0.79      0.79      0.79       596
   macro avg       0.79      0.79      0.78       596
weighted avg       0.79      0.79      0.78       596
=====================================================
Epoch: 11
[[125   8   0  16]
 [  3 143   0   3]
 [  3   0 136  10]
 [ 37   3  22  87]]
OA: 82%
Cohen's kappa: 0.76
              precision    recall  f1-score   support

           0       0.74      0.84      0.79       149
           1       0.93      0.96      0.94       149
           2       0.86      0.91      0.89       149
           3       0.75      0.58      0.66       149

   micro avg       0.82      0.82      0.82       596
   macro avg       0.82      0.82      0.82       596
weighted avg       0.82      0.82      0.82       596
=====================================================
Epoch: 12
[[128   5   1  15]
 [ 12 132   1   4]
 [  0   0 143   6]
 [ 30   1  28  90]]
OA: 82%
Cohen's kappa: 0.76
              precision    recall  f1-score   support

           0       0.75      0.86      0.80       149
           1       0.96      0.89      0.92       149
           2       0.83      0.96      0.89       149
           3       0.78      0.60      0.68       149

   micro avg       0.83      0.83      0.83       596
   macro avg       0.83      0.83      0.82       596
weighted avg       0.83      0.83      0.82       596
=====================================================
Epoch: 13
[[102   3   8  36]
 [  6 137   0   6]
 [  0   0 147   2]
 [ 15   1  34  99]]
OA: 81%
Cohen's kappa: 0.75
              precision    recall  f1-score   support

           0       0.83      0.68      0.75       149
           1       0.97      0.92      0.94       149
           2       0.78      0.99      0.87       149
           3       0.69      0.66      0.68       149

   micro avg       0.81      0.81      0.81       596
   macro avg       0.82      0.81      0.81       596
weighted avg       0.82      0.81      0.81       596
=====================================================
Epoch: 14
[[110   3   2  34]
 [ 30 115   0   4]
 [  1   2 139   7]
 [ 22   1  19 107]]
OA: 79%
Cohen's kappa: 0.72
              precision    recall  f1-score   support

           0       0.67      0.74      0.71       149
           1       0.95      0.77      0.85       149
           2       0.87      0.93      0.90       149
           3       0.70      0.72      0.71       149

   micro avg       0.79      0.79      0.79       596
   macro avg       0.80      0.79      0.79       596
weighted avg       0.80      0.79      0.79       596
=====================================================
Epoch: 15
[[ 82   6  12  49]
 [  2 140   3   4]
 [  0   0 143   6]
 [  7   0  33 109]]
OA: 79%
Cohen's kappa: 0.72
              precision    recall  f1-score   support

           0       0.90      0.55      0.68       149
           1       0.96      0.94      0.95       149
           2       0.75      0.96      0.84       149
           3       0.65      0.73      0.69       149

   micro avg       0.80      0.80      0.80       596
   macro avg       0.81      0.80      0.79       596
weighted avg       0.81      0.80      0.79       596
=====================================================
Epoch: 16
[[132   4   4   9]
 [  7 140   0   2]
 [  0   0 141   8]
 [ 27   1  24  97]]
OA: 85%
Cohen's kappa: 0.8
              precision    recall  f1-score   support

           0       0.80      0.89      0.84       149
           1       0.97      0.94      0.95       149
           2       0.83      0.95      0.89       149
           3       0.84      0.65      0.73       149

   micro avg       0.86      0.86      0.86       596
   macro avg       0.86      0.86      0.85       596
weighted avg       0.86      0.86      0.85       596
=====================================================
Epoch: 17
[[130   7   0  12]
 [  1 146   0   2]
 [  9   0 129  11]
 [ 41   2  13  93]]
OA: 83%
Cohen's kappa: 0.78
              precision    recall  f1-score   support

           0       0.72      0.87      0.79       149
           1       0.94      0.98      0.96       149
           2       0.91      0.87      0.89       149
           3       0.79      0.62      0.70       149

   micro avg       0.84      0.84      0.84       596
   macro avg       0.84      0.84      0.83       596
weighted avg       0.84      0.84      0.83       596
=====================================================
Epoch: 18
[[106   6   5  32]
 [  2 144   0   3]
 [  0   0 143   6]
 [ 19   0  26 104]]
OA: 83%
Cohen's kappa: 0.77
              precision    recall  f1-score   support

           0       0.83      0.71      0.77       149
           1       0.96      0.97      0.96       149
           2       0.82      0.96      0.89       149
           3       0.72      0.70      0.71       149

   micro avg       0.83      0.83      0.83       596
   macro avg       0.83      0.83      0.83       596
weighted avg       0.83      0.83      0.83       596
=====================================================
Epoch: 19
[[119   1   5  24]
 [ 21 118   4   6]
 [  0   0 146   3]
 [ 18   0  35  96]]
OA: 80%
Cohen's kappa: 0.73
              precision    recall  f1-score   support

           0       0.75      0.80      0.78       149
           1       0.99      0.79      0.88       149
           2       0.77      0.98      0.86       149
           3       0.74      0.64      0.69       149

   micro avg       0.80      0.80      0.80       596
   macro avg       0.81      0.80      0.80       596
weighted avg       0.81      0.80      0.80       596
=====================================================
Epoch: 20
[[120  11   4  14]
 [  3 145   0   1]
 [  0   1 144   4]
 [ 21   3  26  99]]
OA: 85%
Cohen's kappa: 0.8
              precision    recall  f1-score   support

           0       0.83      0.81      0.82       149
           1       0.91      0.97      0.94       149
           2       0.83      0.97      0.89       149
           3       0.84      0.66      0.74       149

   micro avg       0.85      0.85      0.85       596
   macro avg       0.85      0.85      0.85       596
weighted avg       0.85      0.85      0.85       596
=====================================================
Epoch: 21
[[133   9   1   6]
 [  5 141   0   3]
 [  1   0 145   3]
 [ 30   3  29  87]]
OA: 84%
Cohen's kappa: 0.79
              precision    recall  f1-score   support

           0       0.79      0.89      0.84       149
           1       0.92      0.95      0.93       149
           2       0.83      0.97      0.90       149
           3       0.88      0.58      0.70       149

   micro avg       0.85      0.85      0.85       596
   macro avg       0.85      0.85      0.84       596
weighted avg       0.85      0.85      0.84       596
=====================================================
Epoch: 22
[[131   2   4  12]
 [ 10 136   1   2]
 [  0   0 144   5]
 [ 37   2  34  76]]
OA: 81%
Cohen's kappa: 0.75
              precision    recall  f1-score   support

           0       0.74      0.88      0.80       149
           1       0.97      0.91      0.94       149
           2       0.79      0.97      0.87       149
           3       0.80      0.51      0.62       149

   micro avg       0.82      0.82      0.82       596
   macro avg       0.82      0.82      0.81       596
weighted avg       0.82      0.82      0.81       596
=====================================================
Epoch: 23
[[137   8   2   2]
 [  3 145   0   1]
 [  1   0 145   3]
 [ 56   3  30  60]]
OA: 81%
Cohen's kappa: 0.75
              precision    recall  f1-score   support

           0       0.70      0.92      0.79       149
           1       0.93      0.97      0.95       149
           2       0.82      0.97      0.89       149
           3       0.91      0.40      0.56       149

   micro avg       0.82      0.82      0.82       596
   macro avg       0.84      0.82      0.80       596
weighted avg       0.84      0.82      0.80       596
=====================================================
Epoch: 24
[[131   6   3   9]
 [  3 143   0   3]
 [  0   0 139  10]
 [ 19   6  24 100]]
OA: 86%
Cohen's kappa: 0.81
              precision    recall  f1-score   support

           0       0.86      0.88      0.87       149
           1       0.92      0.96      0.94       149
           2       0.84      0.93      0.88       149
           3       0.82      0.67      0.74       149

   micro avg       0.86      0.86      0.86       596
   macro avg       0.86      0.86      0.86       596
weighted avg       0.86      0.86      0.86       596
=====================================================
Epoch: 25
[[134   9   3   3]
 [  1 147   0   1]
 [  2   0 142   5]
 [ 38   3  27  81]]
OA: 84%
Cohen's kappa: 0.79
              precision    recall  f1-score   support

           0       0.77      0.90      0.83       149
           1       0.92      0.99      0.95       149
           2       0.83      0.95      0.88       149
           3       0.90      0.54      0.68       149

   micro avg       0.85      0.85      0.85       596
   macro avg       0.85      0.85      0.84       596
weighted avg       0.85      0.85      0.84       596
=====================================================
Epoch: 26
[[125   9   3  12]
 [  2 146   0   1]
 [  1   0 145   3]
 [ 22   2  32  93]]
OA: 85%
Cohen's kappa: 0.8
              precision    recall  f1-score   support

           0       0.83      0.84      0.84       149
           1       0.93      0.98      0.95       149
           2       0.81      0.97      0.88       149
           3       0.85      0.62      0.72       149

   micro avg       0.85      0.85      0.85       596
   macro avg       0.86      0.85      0.85       596
weighted avg       0.86      0.85      0.85       596
=====================================================
Epoch: 27
[[128  12   3   6]
 [  1 147   0   1]
 [  0   0 146   3]
 [ 28   3  32  86]]
OA: 85%
Cohen's kappa: 0.8
              precision    recall  f1-score   support

           0       0.82      0.86      0.84       149
           1       0.91      0.99      0.95       149
           2       0.81      0.98      0.88       149
           3       0.90      0.58      0.70       149

   micro avg       0.85      0.85      0.85       596
   macro avg       0.86      0.85      0.84       596
weighted avg       0.86      0.85      0.84       596
=====================================================
Epoch: 28
[[114  20   2  13]
 [  0 148   0   1]
 [  0   0 146   3]
 [ 21   2  37  89]]
OA: 83%
Cohen's kappa: 0.77
              precision    recall  f1-score   support

           0       0.84      0.77      0.80       149
           1       0.87      0.99      0.93       149
           2       0.79      0.98      0.87       149
           3       0.84      0.60      0.70       149

   micro avg       0.83      0.83      0.83       596
   macro avg       0.84      0.83      0.83       596
weighted avg       0.84      0.83      0.83       596
=====================================================
Epoch: 29
[[135   6   0   8]
 [  5 143   0   1]
 [  3   0 140   6]
 [ 31   3  22  93]]
OA: 85%
Cohen's kappa: 0.8
              precision    recall  f1-score   support

           0       0.78      0.91      0.84       149
           1       0.94      0.96      0.95       149
           2       0.86      0.94      0.90       149
           3       0.86      0.62      0.72       149

   micro avg       0.86      0.86      0.86       596
   macro avg       0.86      0.86      0.85       596
weighted avg       0.86      0.86      0.85       596
=====================================================
Epoch: 30
[[119  10   2  18]
 [  2 144   0   3]
 [  1   0 142   6]
 [ 14   4  23 108]]
OA: 86%
Cohen's kappa: 0.81
              precision    recall  f1-score   support

           0       0.88      0.80      0.84       149
           1       0.91      0.97      0.94       149
           2       0.85      0.95      0.90       149
           3       0.80      0.72      0.76       149

   micro avg       0.86      0.86      0.86       596
   macro avg       0.86      0.86      0.86       596
weighted avg       0.86      0.86      0.86       596
=====================================================
Epoch: 31
[[132   9   3   5]
 [  1 147   0   1]
 [  1   0 147   1]
 [ 39   5  39  66]]
OA: 82%
Cohen's kappa: 0.76
              precision    recall  f1-score   support

           0       0.76      0.89      0.82       149
           1       0.91      0.99      0.95       149
           2       0.78      0.99      0.87       149
           3       0.90      0.44      0.59       149

   micro avg       0.83      0.83      0.83       596
   macro avg       0.84      0.83      0.81       596
weighted avg       0.84      0.83      0.81       596
=====================================================
Epoch: 32
[[134   6   2   7]
 [  4 144   0   1]
 [  2   0 142   5]
 [ 38   2  24  85]]
OA: 84%
Cohen's kappa: 0.79
              precision    recall  f1-score   support

           0       0.75      0.90      0.82       149
           1       0.95      0.97      0.96       149
           2       0.85      0.95      0.90       149
           3       0.87      0.57      0.69       149

   micro avg       0.85      0.85      0.85       596
   macro avg       0.85      0.85      0.84       596
weighted avg       0.85      0.85      0.84       596
=====================================================
Epoch: 33
[[131   6   2  10]
 [  1 145   0   3]
 [  0   0 144   5]
 [ 21   2  29  97]]
OA: 86%
Cohen's kappa: 0.82
              precision    recall  f1-score   support

           0       0.86      0.88      0.87       149
           1       0.95      0.97      0.96       149
           2       0.82      0.97      0.89       149
           3       0.84      0.65      0.73       149

   micro avg       0.87      0.87      0.87       596
   macro avg       0.87      0.87      0.86       596
weighted avg       0.87      0.87      0.86       596
=====================================================
Epoch: 34
[[127   7   1  14]
 [  3 145   0   1]
 [  0   0 147   2]
 [ 15   1  31 102]]
OA: 87%
Cohen's kappa: 0.83
              precision    recall  f1-score   support

           0       0.88      0.85      0.86       149
           1       0.95      0.97      0.96       149
           2       0.82      0.99      0.90       149
           3       0.86      0.68      0.76       149

   micro avg       0.87      0.87      0.87       596
   macro avg       0.88      0.87      0.87       596
weighted avg       0.88      0.87      0.87       596
=====================================================
Epoch: 35
[[131   6   3   9]
 [  2 144   0   3]
 [  1   0 144   4]
 [ 31   1  32  85]]
OA: 84%
Cohen's kappa: 0.79
              precision    recall  f1-score   support

           0       0.79      0.88      0.83       149
           1       0.95      0.97      0.96       149
           2       0.80      0.97      0.88       149
           3       0.84      0.57      0.68       149

   micro avg       0.85      0.85      0.85       596
   macro avg       0.85      0.85      0.84       596
weighted avg       0.85      0.85      0.84       596
=====================================================
Epoch: 36
[[122  10   2  15]
 [  2 146   0   1]
 [  1   0 146   2]
 [ 25   1  32  91]]
OA: 84%
Cohen's kappa: 0.79
              precision    recall  f1-score   support

           0       0.81      0.82      0.82       149
           1       0.93      0.98      0.95       149
           2       0.81      0.98      0.89       149
           3       0.83      0.61      0.71       149

   micro avg       0.85      0.85      0.85       596
   macro avg       0.85      0.85      0.84       596
weighted avg       0.85      0.85      0.84       596
=====================================================
Epoch: 37
[[127  10   2  10]
 [  1 147   0   1]
 [  1   0 143   5]
 [ 21   5  30  93]]
OA: 85%
Cohen's kappa: 0.8
              precision    recall  f1-score   support

           0       0.85      0.85      0.85       149
           1       0.91      0.99      0.95       149
           2       0.82      0.96      0.88       149
           3       0.85      0.62      0.72       149

   micro avg       0.86      0.86      0.86       596
   macro avg       0.86      0.86      0.85       596
weighted avg       0.86      0.86      0.85       596
=====================================================
Epoch: 38
[[124   9   2  14]
 [  2 146   0   1]
 [  0   0 143   6]
 [ 15   3  24 107]]
OA: 87%
Cohen's kappa: 0.82
              precision    recall  f1-score   support

           0       0.88      0.83      0.86       149
           1       0.92      0.98      0.95       149
           2       0.85      0.96      0.90       149
           3       0.84      0.72      0.77       149

   micro avg       0.87      0.87      0.87       596
   macro avg       0.87      0.87      0.87       596
weighted avg       0.87      0.87      0.87       596
=====================================================
Epoch: 39
[[135   5   2   7]
 [  5 142   0   2]
 [  1   0 143   5]
 [ 29   1  25  94]]
OA: 86%
Cohen's kappa: 0.81
              precision    recall  f1-score   support

           0       0.79      0.91      0.85       149
           1       0.96      0.95      0.96       149
           2       0.84      0.96      0.90       149
           3       0.87      0.63      0.73       149

   micro avg       0.86      0.86      0.86       596
   macro avg       0.87      0.86      0.86       596
weighted avg       0.87      0.86      0.86       596
=====================================================
Epoch: 40
[[130   9   1   9]
 [  3 145   0   1]
 [  1   0 141   7]
 [ 21   4  26  98]]
OA: 86%
Cohen's kappa: 0.81
              precision    recall  f1-score   support

           0       0.84      0.87      0.86       149
           1       0.92      0.97      0.94       149
           2       0.84      0.95      0.89       149
           3       0.85      0.66      0.74       149

   micro avg       0.86      0.86      0.86       596
   macro avg       0.86      0.86      0.86       596
weighted avg       0.86      0.86      0.86       596
=====================================================
Epoch: 41
[[128   8   2  11]
 [  3 145   0   1]
 [  1   0 143   5]
 [ 24   4  26  95]]
OA: 85%
Cohen's kappa: 0.8
              precision    recall  f1-score   support

           0       0.82      0.86      0.84       149
           1       0.92      0.97      0.95       149
           2       0.84      0.96      0.89       149
           3       0.85      0.64      0.73       149

   micro avg       0.86      0.86      0.86       596
   macro avg       0.86      0.86      0.85       596
weighted avg       0.86      0.86      0.85       596
=====================================================
Epoch: 42
[[138   4   3   4]
 [  3 145   0   1]
 [  1   0 146   2]
 [ 31   1  41  76]]
OA: 84%
Cohen's kappa: 0.79
              precision    recall  f1-score   support

           0       0.80      0.93      0.86       149
           1       0.97      0.97      0.97       149
           2       0.77      0.98      0.86       149
           3       0.92      0.51      0.66       149

   micro avg       0.85      0.85      0.85       596
   macro avg       0.86      0.85      0.84       596
weighted avg       0.86      0.85      0.84       596
=====================================================
Epoch: 43
[[129  12   3   5]
 [  1 147   0   1]
 [  1   0 145   3]
 [ 28   4  33  84]]
OA: 84%
Cohen's kappa: 0.79
              precision    recall  f1-score   support

           0       0.81      0.87      0.84       149
           1       0.90      0.99      0.94       149
           2       0.80      0.97      0.88       149
           3       0.90      0.56      0.69       149

   micro avg       0.85      0.85      0.85       596
   macro avg       0.85      0.85      0.84       596
weighted avg       0.85      0.85      0.84       596
=====================================================
Epoch: 44
[[130   8   3   8]
 [  2 144   0   3]
 [  0   0 146   3]
 [ 23   2  36  88]]
OA: 85%
Cohen's kappa: 0.8
              precision    recall  f1-score   support

           0       0.84      0.87      0.86       149
           1       0.94      0.97      0.95       149
           2       0.79      0.98      0.87       149
           3       0.86      0.59      0.70       149

   micro avg       0.85      0.85      0.85       596
   macro avg       0.86      0.85      0.85       596
weighted avg       0.86      0.85      0.85       596
=====================================================
Epoch: 45
[[126   8   3  12]
 [  3 145   0   1]
 [  1   0 144   4]
 [ 21   3  31  94]]
OA: 85%
Cohen's kappa: 0.8
              precision    recall  f1-score   support

           0       0.83      0.85      0.84       149
           1       0.93      0.97      0.95       149
           2       0.81      0.97      0.88       149
           3       0.85      0.63      0.72       149

   micro avg       0.85      0.85      0.85       596
   macro avg       0.85      0.85      0.85       596
weighted avg       0.85      0.85      0.85       596
=====================================================
Epoch: 46
[[134   7   3   5]
 [  4 144   0   1]
 [  0   0 145   4]
 [ 29   2  37  81]]
OA: 84%
Cohen's kappa: 0.79
              precision    recall  f1-score   support

           0       0.80      0.90      0.85       149
           1       0.94      0.97      0.95       149
           2       0.78      0.97      0.87       149
           3       0.89      0.54      0.67       149

   micro avg       0.85      0.85      0.85       596
   macro avg       0.85      0.85      0.84       596
weighted avg       0.85      0.85      0.84       596
=====================================================
Epoch: 47
[[134   6   3   6]
 [  2 144   0   3]
 [  0   0 144   5]
 [ 25   2  30  92]]
OA: 86%
Cohen's kappa: 0.81
              precision    recall  f1-score   support

           0       0.83      0.90      0.86       149
           1       0.95      0.97      0.96       149
           2       0.81      0.97      0.88       149
           3       0.87      0.62      0.72       149

   micro avg       0.86      0.86      0.86       596
   macro avg       0.87      0.86      0.86       596
weighted avg       0.87      0.86      0.86       596
=====================================================
Epoch: 48
[[133   7   2   7]
 [  2 145   0   2]
 [  0   0 144   5]
 [ 28   2  27  92]]
OA: 86%
Cohen's kappa: 0.81
              precision    recall  f1-score   support

           0       0.82      0.89      0.85       149
           1       0.94      0.97      0.96       149
           2       0.83      0.97      0.89       149
           3       0.87      0.62      0.72       149

   micro avg       0.86      0.86      0.86       596
   macro avg       0.86      0.86      0.86       596
weighted avg       0.86      0.86      0.86       596
=====================================================
Epoch: 49
[[131   6   3   9]
 [  2 145   0   2]
 [  0   0 143   6]
 [ 22   2  30  95]]
OA: 86%
Cohen's kappa: 0.81
              precision    recall  f1-score   support

           0       0.85      0.88      0.86       149
           1       0.95      0.97      0.96       149
           2       0.81      0.96      0.88       149
           3       0.85      0.64      0.73       149

   micro avg       0.86      0.86      0.86       596
   macro avg       0.86      0.86      0.86       596
weighted avg       0.86      0.86      0.86       596
=====================================================
Epoch: 50
[[135   6   3   5]
 [  3 145   0   1]
 [  0   0 143   6]
 [ 23   2  30  94]]
OA: 86%
Cohen's kappa: 0.82
              precision    recall  f1-score   support

           0       0.84      0.91      0.87       149
           1       0.95      0.97      0.96       149
           2       0.81      0.96      0.88       149
           3       0.89      0.63      0.74       149

   micro avg       0.87      0.87      0.87       596
   macro avg       0.87      0.87      0.86       596
weighted avg       0.87      0.87      0.86       596
=====================================================
Epoch: 51
[[134   6   3   6]
 [  3 145   0   1]
 [  0   0 145   4]
 [ 22   2  32  93]]
OA: 86%
Cohen's kappa: 0.82
              precision    recall  f1-score   support

           0       0.84      0.90      0.87       149
           1       0.95      0.97      0.96       149
           2       0.81      0.97      0.88       149
           3       0.89      0.62      0.74       149

   micro avg       0.87      0.87      0.87       596
   macro avg       0.87      0.87      0.86       596
weighted avg       0.87      0.87      0.86       596
=====================================================
Epoch: 52
[[127   6   1  15]
 [  3 145   0   1]
 [  0   0 143   6]
 [ 18   2  27 102]]
OA: 86%
Cohen's kappa: 0.82
              precision    recall  f1-score   support

           0       0.86      0.85      0.86       149
           1       0.95      0.97      0.96       149
           2       0.84      0.96      0.89       149
           3       0.82      0.68      0.75       149

   micro avg       0.87      0.87      0.87       596
   macro avg       0.87      0.87      0.86       596
weighted avg       0.87      0.87      0.86       596
=====================================================
Epoch: 53
[[130  11   1   7]
 [  1 146   0   2]
 [  1   0 144   4]
 [ 25   3  31  90]]
OA: 85%
Cohen's kappa: 0.8
              precision    recall  f1-score   support

           0       0.83      0.87      0.85       149
           1       0.91      0.98      0.94       149
           2       0.82      0.97      0.89       149
           3       0.87      0.60      0.71       149

   micro avg       0.86      0.86      0.86       596
   macro avg       0.86      0.86      0.85       596
weighted avg       0.86      0.86      0.85       596
=====================================================
Epoch: 54
[[132   7   3   7]
 [  2 145   0   2]
 [  0   0 145   4]
 [ 23   2  30  94]]
OA: 86%
Cohen's kappa: 0.82
              precision    recall  f1-score   support

           0       0.84      0.89      0.86       149
           1       0.94      0.97      0.96       149
           2       0.81      0.97      0.89       149
           3       0.88      0.63      0.73       149

   micro avg       0.87      0.87      0.87       596
   macro avg       0.87      0.87      0.86       596
weighted avg       0.87      0.87      0.86       596
=====================================================
Epoch: 55
[[131   7   2   9]
 [  2 144   0   3]
 [  0   0 141   8]
 [ 20   2  27 100]]
OA: 86%
Cohen's kappa: 0.82
              precision    recall  f1-score   support

           0       0.86      0.88      0.87       149
           1       0.94      0.97      0.95       149
           2       0.83      0.95      0.88       149
           3       0.83      0.67      0.74       149

   micro avg       0.87      0.87      0.87       596
   macro avg       0.87      0.87      0.86       596
weighted avg       0.87      0.87      0.86       596
=====================================================
Epoch: 56
[[135   5   3   6]
 [  2 145   0   2]
 [  0   0 139  10]
 [ 23   2  29  95]]
OA: 86%
Cohen's kappa: 0.81
              precision    recall  f1-score   support

           0       0.84      0.91      0.87       149
           1       0.95      0.97      0.96       149
           2       0.81      0.93      0.87       149
           3       0.84      0.64      0.73       149

   micro avg       0.86      0.86      0.86       596
   macro avg       0.86      0.86      0.86       596
weighted avg       0.86      0.86      0.86       596
=====================================================
Epoch: 57
[[131   9   1   8]
 [  1 146   0   2]
 [  0   0 142   7]
 [ 19   2  29  99]]
OA: 86%
Cohen's kappa: 0.82
              precision    recall  f1-score   support

           0       0.87      0.88      0.87       149
           1       0.93      0.98      0.95       149
           2       0.83      0.95      0.88       149
           3       0.85      0.66      0.75       149

   micro avg       0.87      0.87      0.87       596
   macro avg       0.87      0.87      0.86       596
weighted avg       0.87      0.87      0.86       596
=====================================================
Epoch: 58
[[133   6   2   8]
 [  2 145   0   2]
 [  1   0 144   4]
 [ 23   1  31  94]]
OA: 86%
Cohen's kappa: 0.82
              precision    recall  f1-score   support

           0       0.84      0.89      0.86       149
           1       0.95      0.97      0.96       149
           2       0.81      0.97      0.88       149
           3       0.87      0.63      0.73       149

   micro avg       0.87      0.87      0.87       596
   macro avg       0.87      0.87      0.86       596
weighted avg       0.87      0.87      0.86       596
=====================================================
Epoch: 59
[[132   6   3   8]
 [  2 145   0   2]
 [  1   0 143   5]
 [ 20   1  31  97]]
OA: 86%
Cohen's kappa: 0.82
              precision    recall  f1-score   support

           0       0.85      0.89      0.87       149
           1       0.95      0.97      0.96       149
           2       0.81      0.96      0.88       149
           3       0.87      0.65      0.74       149

   micro avg       0.87      0.87      0.87       596
   macro avg       0.87      0.87      0.86       596
weighted avg       0.87      0.87      0.86       596
=====================================================
Epoch: 60
[[134   5   3   7]
 [  3 145   0   1]
 [  0   0 142   7]
 [ 21   1  29  98]]
OA: 87%
Cohen's kappa: 0.82
              precision    recall  f1-score   support

           0       0.85      0.90      0.87       149
           1       0.96      0.97      0.97       149
           2       0.82      0.95      0.88       149
           3       0.87      0.66      0.75       149

   micro avg       0.87      0.87      0.87       596
   macro avg       0.87      0.87      0.87       596
weighted avg       0.87      0.87      0.87       596
=====================================================
Epoch: 61
[[135   5   3   6]
 [  3 145   0   1]
 [  0   0 146   3]
 [ 26   2  32  89]]
OA: 86%
Cohen's kappa: 0.81
              precision    recall  f1-score   support

           0       0.82      0.91      0.86       149
           1       0.95      0.97      0.96       149
           2       0.81      0.98      0.88       149
           3       0.90      0.60      0.72       149

   micro avg       0.86      0.86      0.86       596
   macro avg       0.87      0.86      0.86       596
weighted avg       0.87      0.86      0.86       596
=====================================================
Epoch: 62
[[132   6   3   8]
 [  2 145   0   2]
 [  0   0 143   6]
 [ 23   2  31  93]]
OA: 86%
Cohen's kappa: 0.81
              precision    recall  f1-score   support

           0       0.84      0.89      0.86       149
           1       0.95      0.97      0.96       149
           2       0.81      0.96      0.88       149
           3       0.85      0.62      0.72       149

   micro avg       0.86      0.86      0.86       596
   macro avg       0.86      0.86      0.86       596
weighted avg       0.86      0.86      0.86       596
=====================================================
Epoch: 63
[[132   7   3   7]
 [  3 145   0   1]
 [  0   0 146   3]
 [ 20   2  32  95]]
OA: 86%
Cohen's kappa: 0.82
              precision    recall  f1-score   support

           0       0.85      0.89      0.87       149
           1       0.94      0.97      0.96       149
           2       0.81      0.98      0.88       149
           3       0.90      0.64      0.75       149

   micro avg       0.87      0.87      0.87       596
   macro avg       0.87      0.87      0.86       596
weighted avg       0.87      0.87      0.86       596
=====================================================
Epoch: 64
[[132   8   2   7]
 [  1 146   0   2]
 [  0   0 141   8]
 [ 18   2  27 102]]
OA: 87%
Cohen's kappa: 0.83
              precision    recall  f1-score   support

           0       0.87      0.89      0.88       149
           1       0.94      0.98      0.96       149
           2       0.83      0.95      0.88       149
           3       0.86      0.68      0.76       149

   micro avg       0.87      0.87      0.87       596
   macro avg       0.87      0.87      0.87       596
weighted avg       0.87      0.87      0.87       596
=====================================================
Epoch: 65
[[135   5   3   6]
 [  2 145   0   2]
 [  0   0 147   2]
 [ 23   2  33  91]]
OA: 86%
Cohen's kappa: 0.82
              precision    recall  f1-score   support

           0       0.84      0.91      0.87       149
           1       0.95      0.97      0.96       149
           2       0.80      0.99      0.89       149
           3       0.90      0.61      0.73       149

   micro avg       0.87      0.87      0.87       596
   macro avg       0.88      0.87      0.86       596
weighted avg       0.88      0.87      0.86       596
=====================================================
Epoch: 66
[[135   5   3   6]
 [  2 145   0   2]
 [  0   0 146   3]
 [ 19   2  30  98]]
OA: 87%
Cohen's kappa: 0.83
              precision    recall  f1-score   support

           0       0.87      0.91      0.89       149
           1       0.95      0.97      0.96       149
           2       0.82      0.98      0.89       149
           3       0.90      0.66      0.76       149

   micro avg       0.88      0.88      0.88       596
   macro avg       0.88      0.88      0.87       596
weighted avg       0.88      0.88      0.87       596
=====================================================
Epoch: 67
[[132   6   3   8]
 [  2 145   0   2]
 [  0   0 146   3]
 [ 17   2  33  97]]
OA: 87%
Cohen's kappa: 0.82
              precision    recall  f1-score   support

           0       0.87      0.89      0.88       149
           1       0.95      0.97      0.96       149
           2       0.80      0.98      0.88       149
           3       0.88      0.65      0.75       149

   micro avg       0.87      0.87      0.87       596
   macro avg       0.88      0.87      0.87       596
weighted avg       0.88      0.87      0.87       596
=====================================================
Epoch: 68
[[135   5   3   6]
 [  2 145   0   2]
 [  0   0 145   4]
 [ 23   1  30  95]]
OA: 87%
Cohen's kappa: 0.82
              precision    recall  f1-score   support

           0       0.84      0.91      0.87       149
           1       0.96      0.97      0.97       149
           2       0.81      0.97      0.89       149
           3       0.89      0.64      0.74       149

   micro avg       0.87      0.87      0.87       596
   macro avg       0.88      0.87      0.87       596
weighted avg       0.88      0.87      0.87       596
=====================================================
Epoch: 69
[[134   5   3   7]
 [  3 145   0   1]
 [  0   0 145   4]
 [ 20   2  34  93]]
OA: 86%
Cohen's kappa: 0.82
              precision    recall  f1-score   support

           0       0.85      0.90      0.88       149
           1       0.95      0.97      0.96       149
           2       0.80      0.97      0.88       149
           3       0.89      0.62      0.73       149

   micro avg       0.87      0.87      0.87       596
   macro avg       0.87      0.87      0.86       596
weighted avg       0.87      0.87      0.86       596
=====================================================
Epoch: 70
[[134   5   2   8]
 [  2 145   0   2]
 [  0   0 146   3]
 [ 19   2  33  95]]
OA: 87%
Cohen's kappa: 0.82
              precision    recall  f1-score   support

           0       0.86      0.90      0.88       149
           1       0.95      0.97      0.96       149
           2       0.81      0.98      0.88       149
           3       0.88      0.64      0.74       149

   micro avg       0.87      0.87      0.87       596
   macro avg       0.88      0.87      0.87       596
weighted avg       0.88      0.87      0.87       596
=====================================================
Epoch: 71
[[133   6   2   8]
 [  1 146   0   2]
 [  0   0 145   4]
 [ 20   2  32  95]]
OA: 87%
Cohen's kappa: 0.82
              precision    recall  f1-score   support

           0       0.86      0.89      0.88       149
           1       0.95      0.98      0.96       149
           2       0.81      0.97      0.88       149
           3       0.87      0.64      0.74       149

   micro avg       0.87      0.87      0.87       596
   macro avg       0.87      0.87      0.87       596
weighted avg       0.87      0.87      0.87       596
=====================================================
Epoch: 72
[[132   5   2  10]
 [  2 145   0   2]
 [  0   0 146   3]
 [ 17   2  32  98]]
OA: 87%
Cohen's kappa: 0.83
              precision    recall  f1-score   support

           0       0.87      0.89      0.88       149
           1       0.95      0.97      0.96       149
           2       0.81      0.98      0.89       149
           3       0.87      0.66      0.75       149

   micro avg       0.87      0.87      0.87       596
   macro avg       0.88      0.87      0.87       596
weighted avg       0.88      0.87      0.87       596
=====================================================
Epoch: 73
[[135   5   2   7]
 [  2 145   0   2]
 [  1   0 144   4]
 [ 22   2  30  95]]
OA: 87%
Cohen's kappa: 0.82
              precision    recall  f1-score   support

           0       0.84      0.91      0.87       149
           1       0.95      0.97      0.96       149
           2       0.82      0.97      0.89       149
           3       0.88      0.64      0.74       149

   micro avg       0.87      0.87      0.87       596
   macro avg       0.87      0.87      0.87       596
weighted avg       0.87      0.87      0.87       596
=====================================================
Epoch: 74
[[134   5   2   8]
 [  2 145   0   2]
 [  0   0 144   5]
 [ 21   2  29  97]]
OA: 87%
Cohen's kappa: 0.82
              precision    recall  f1-score   support

           0       0.85      0.90      0.88       149
           1       0.95      0.97      0.96       149
           2       0.82      0.97      0.89       149
           3       0.87      0.65      0.74       149

   micro avg       0.87      0.87      0.87       596
   macro avg       0.87      0.87      0.87       596
weighted avg       0.87      0.87      0.87       596
=====================================================
Epoch: 75
[[134   5   2   8]
 [  2 145   0   2]
 [  0   0 144   5]
 [ 19   2  29  99]]
OA: 87%
Cohen's kappa: 0.83
              precision    recall  f1-score   support

           0       0.86      0.90      0.88       149
           1       0.95      0.97      0.96       149
           2       0.82      0.97      0.89       149
           3       0.87      0.66      0.75       149

   micro avg       0.88      0.88      0.88       596
   macro avg       0.88      0.88      0.87       596
weighted avg       0.88      0.88      0.87       596
=====================================================
Epoch: 76
[[135   5   2   7]
 [  2 145   0   2]
 [  0   0 146   3]
 [ 22   2  34  91]]
OA: 86%
Cohen's kappa: 0.82
              precision    recall  f1-score   support

           0       0.85      0.91      0.88       149
           1       0.95      0.97      0.96       149
           2       0.80      0.98      0.88       149
           3       0.88      0.61      0.72       149

   micro avg       0.87      0.87      0.87       596
   macro avg       0.87      0.87      0.86       596
weighted avg       0.87      0.87      0.86       596
=====================================================
Epoch: 77
[[134   5   2   8]
 [  2 145   0   2]
 [  0   0 144   5]
 [ 19   2  31  97]]
OA: 87%
Cohen's kappa: 0.82
              precision    recall  f1-score   support

           0       0.86      0.90      0.88       149
           1       0.95      0.97      0.96       149
           2       0.81      0.97      0.88       149
           3       0.87      0.65      0.74       149

   micro avg       0.87      0.87      0.87       596
   macro avg       0.87      0.87      0.87       596
weighted avg       0.87      0.87      0.87       596
=====================================================
Epoch: 78
[[134   5   2   8]
 [  2 145   0   2]
 [  0   0 144   5]
 [ 20   2  31  96]]
OA: 87%
Cohen's kappa: 0.82
              precision    recall  f1-score   support

           0       0.86      0.90      0.88       149
           1       0.95      0.97      0.96       149
           2       0.81      0.97      0.88       149
           3       0.86      0.64      0.74       149

   micro avg       0.87      0.87      0.87       596
   macro avg       0.87      0.87      0.87       596
weighted avg       0.87      0.87      0.87       596
=====================================================
Epoch: 79
[[134   5   2   8]
 [  2 145   0   2]
 [  0   0 142   7]
 [ 18   2  28 101]]
OA: 87%
Cohen's kappa: 0.83
              precision    recall  f1-score   support

           0       0.87      0.90      0.88       149
           1       0.95      0.97      0.96       149
           2       0.83      0.95      0.88       149
           3       0.86      0.68      0.76       149

   micro avg       0.88      0.88      0.88       596
   macro avg       0.88      0.88      0.87       596
weighted avg       0.88      0.88      0.87       596
=====================================================
Epoch: 80
[[135   5   2   7]
 [  2 145   0   2]
 [  1   0 142   6]
 [ 20   2  28  99]]
OA: 87%
Cohen's kappa: 0.83
              precision    recall  f1-score   support

           0       0.85      0.91      0.88       149
           1       0.95      0.97      0.96       149
           2       0.83      0.95      0.88       149
           3       0.87      0.66      0.75       149

   micro avg       0.87      0.87      0.87       596
   macro avg       0.88      0.87      0.87       596
weighted avg       0.88      0.87      0.87       596
=====================================================
Epoch: 81
[[133   6   2   8]
 [  2 145   0   2]
 [  1   0 144   4]
 [ 16   2  28 103]]
OA: 88%
Cohen's kappa: 0.84
              precision    recall  f1-score   support

           0       0.88      0.89      0.88       149
           1       0.95      0.97      0.96       149
           2       0.83      0.97      0.89       149
           3       0.88      0.69      0.77       149

   micro avg       0.88      0.88      0.88       596
   macro avg       0.88      0.88      0.88       596
weighted avg       0.88      0.88      0.88       596
=====================================================
Epoch: 82
[[134   5   2   8]
 [  2 145   0   2]
 [  1   0 143   5]
 [ 22   2  28  97]]
OA: 87%
Cohen's kappa: 0.82
              precision    recall  f1-score   support

           0       0.84      0.90      0.87       149
           1       0.95      0.97      0.96       149
           2       0.83      0.96      0.89       149
           3       0.87      0.65      0.74       149

   micro avg       0.87      0.87      0.87       596
   macro avg       0.87      0.87      0.87       596
weighted avg       0.87      0.87      0.87       596
=====================================================
Epoch: 83
[[134   5   2   8]
 [  2 145   0   2]
 [  0   0 143   6]
 [ 18   2  30  99]]
OA: 87%
Cohen's kappa: 0.83
              precision    recall  f1-score   support

           0       0.87      0.90      0.88       149
           1       0.95      0.97      0.96       149
           2       0.82      0.96      0.88       149
           3       0.86      0.66      0.75       149

   micro avg       0.87      0.87      0.87       596
   macro avg       0.88      0.87      0.87       596
weighted avg       0.88      0.87      0.87       596
=====================================================
Epoch: 84
[[133   6   2   8]
 [  2 145   0   2]
 [  0   0 144   5]
 [ 18   2  31  98]]
OA: 87%
Cohen's kappa: 0.82
              precision    recall  f1-score   support

           0       0.87      0.89      0.88       149
           1       0.95      0.97      0.96       149
           2       0.81      0.97      0.88       149
           3       0.87      0.66      0.75       149

   micro avg       0.87      0.87      0.87       596
   macro avg       0.87      0.87      0.87       596
weighted avg       0.87      0.87      0.87       596
=====================================================
Epoch: 85
[[133   6   2   8]
 [  2 145   0   2]
 [  0   0 146   3]
 [ 18   2  33  96]]
OA: 87%
Cohen's kappa: 0.82
              precision    recall  f1-score   support

           0       0.87      0.89      0.88       149
           1       0.95      0.97      0.96       149
           2       0.81      0.98      0.88       149
           3       0.88      0.64      0.74       149

   micro avg       0.87      0.87      0.87       596
   macro avg       0.88      0.87      0.87       596
weighted avg       0.88      0.87      0.87       596
=====================================================
Epoch: 86
[[134   5   2   8]
 [  2 145   0   2]
 [  0   0 146   3]
 [ 19   2  34  94]]
OA: 87%
Cohen's kappa: 0.82
              precision    recall  f1-score   support

           0       0.86      0.90      0.88       149
           1       0.95      0.97      0.96       149
           2       0.80      0.98      0.88       149
           3       0.88      0.63      0.73       149

   micro avg       0.87      0.87      0.87       596
   macro avg       0.87      0.87      0.87       596
weighted avg       0.87      0.87      0.87       596
=====================================================
Epoch: 87
[[133   5   2   9]
 [  2 145   0   2]
 [  0   0 143   6]
 [ 18   2  29 100]]
OA: 87%
Cohen's kappa: 0.83
              precision    recall  f1-score   support

           0       0.87      0.89      0.88       149
           1       0.95      0.97      0.96       149
           2       0.82      0.96      0.89       149
           3       0.85      0.67      0.75       149

   micro avg       0.87      0.87      0.87       596
   macro avg       0.87      0.87      0.87       596
weighted avg       0.87      0.87      0.87       596
=====================================================
Epoch: 88
[[133   5   2   9]
 [  2 145   0   2]
 [  0   0 144   5]
 [ 19   2  31  97]]
OA: 87%
Cohen's kappa: 0.82
              precision    recall  f1-score   support

           0       0.86      0.89      0.88       149
           1       0.95      0.97      0.96       149
           2       0.81      0.97      0.88       149
           3       0.86      0.65      0.74       149

   micro avg       0.87      0.87      0.87       596
   macro avg       0.87      0.87      0.87       596
weighted avg       0.87      0.87      0.87       596
=====================================================
Epoch: 89
[[133   5   2   9]
 [  2 145   0   2]
 [  0   0 141   8]
 [ 17   2  29 101]]
OA: 87%
Cohen's kappa: 0.82
              precision    recall  f1-score   support

           0       0.88      0.89      0.88       149
           1       0.95      0.97      0.96       149
           2       0.82      0.95      0.88       149
           3       0.84      0.68      0.75       149

   micro avg       0.87      0.87      0.87       596
   macro avg       0.87      0.87      0.87       596
weighted avg       0.87      0.87      0.87       596
=====================================================
Epoch: 90
[[134   5   2   8]
 [  2 145   0   2]
 [  0   0 142   7]
 [ 19   2  29  99]]
OA: 87%
Cohen's kappa: 0.82
              precision    recall  f1-score   support

           0       0.86      0.90      0.88       149
           1       0.95      0.97      0.96       149
           2       0.82      0.95      0.88       149
           3       0.85      0.66      0.75       149

   micro avg       0.87      0.87      0.87       596
   macro avg       0.87      0.87      0.87       596
weighted avg       0.87      0.87      0.87       596
=====================================================
Epoch: 91
[[132   5   2  10]
 [  2 145   0   2]
 [  0   0 141   8]
 [ 17   2  28 102]]
OA: 87%
Cohen's kappa: 0.82
              precision    recall  f1-score   support

           0       0.87      0.89      0.88       149
           1       0.95      0.97      0.96       149
           2       0.82      0.95      0.88       149
           3       0.84      0.68      0.75       149

   micro avg       0.87      0.87      0.87       596
   macro avg       0.87      0.87      0.87       596
weighted avg       0.87      0.87      0.87       596
=====================================================
Epoch: 92
[[134   5   2   8]
 [  2 145   0   2]
 [  0   0 142   7]
 [ 20   2  31  96]]
OA: 86%
Cohen's kappa: 0.82
              precision    recall  f1-score   support

           0       0.86      0.90      0.88       149
           1       0.95      0.97      0.96       149
           2       0.81      0.95      0.88       149
           3       0.85      0.64      0.73       149

   micro avg       0.87      0.87      0.87       596
   macro avg       0.87      0.87      0.86       596
weighted avg       0.87      0.87      0.86       596
=====================================================
Epoch: 93
[[134   5   2   8]
 [  2 145   0   2]
 [  0   0 142   7]
 [ 19   2  30  98]]
OA: 87%
Cohen's kappa: 0.82
              precision    recall  f1-score   support

           0       0.86      0.90      0.88       149
           1       0.95      0.97      0.96       149
           2       0.82      0.95      0.88       149
           3       0.85      0.66      0.74       149

   micro avg       0.87      0.87      0.87       596
   macro avg       0.87      0.87      0.87       596
weighted avg       0.87      0.87      0.87       596
=====================================================
Epoch: 94
[[133   5   2   9]
 [  2 145   0   2]
 [  0   0 142   7]
 [ 18   2  31  98]]
OA: 86%
Cohen's kappa: 0.82
              precision    recall  f1-score   support

           0       0.87      0.89      0.88       149
           1       0.95      0.97      0.96       149
           2       0.81      0.95      0.88       149
           3       0.84      0.66      0.74       149

   micro avg       0.87      0.87      0.87       596
   macro avg       0.87      0.87      0.87       596
weighted avg       0.87      0.87      0.87       596
=====================================================
Epoch: 95
[[135   5   2   7]
 [  2 145   0   2]
 [  0   0 145   4]
 [ 20   2  33  94]]
OA: 87%
Cohen's kappa: 0.82
              precision    recall  f1-score   support

           0       0.86      0.91      0.88       149
           1       0.95      0.97      0.96       149
           2       0.81      0.97      0.88       149
           3       0.88      0.63      0.73       149

   micro avg       0.87      0.87      0.87       596
   macro avg       0.87      0.87      0.87       596
weighted avg       0.87      0.87      0.87       596
=====================================================
Epoch: 96
[[132   7   2   8]
 [  1 146   0   2]
 [  0   0 143   6]
 [ 19   2  30  98]]
OA: 87%
Cohen's kappa: 0.82
              precision    recall  f1-score   support

           0       0.87      0.89      0.88       149
           1       0.94      0.98      0.96       149
           2       0.82      0.96      0.88       149
           3       0.86      0.66      0.75       149

   micro avg       0.87      0.87      0.87       596
   macro avg       0.87      0.87      0.87       596
weighted avg       0.87      0.87      0.87       596
=====================================================
Epoch: 97
[[133   6   2   8]
 [  2 145   0   2]
 [  0   0 142   7]
 [ 17   2  30 100]]
OA: 87%
Cohen's kappa: 0.82
              precision    recall  f1-score   support

           0       0.88      0.89      0.88       149
           1       0.95      0.97      0.96       149
           2       0.82      0.95      0.88       149
           3       0.85      0.67      0.75       149

   micro avg       0.87      0.87      0.87       596
   macro avg       0.87      0.87      0.87       596
weighted avg       0.87      0.87      0.87       596
=====================================================
Epoch: 98
[[134   5   2   8]
 [  2 145   0   2]
 [  0   0 145   4]
 [ 20   2  35  92]]
OA: 86%
Cohen's kappa: 0.82
              precision    recall  f1-score   support

           0       0.86      0.90      0.88       149
           1       0.95      0.97      0.96       149
           2       0.80      0.97      0.88       149
           3       0.87      0.62      0.72       149

   micro avg       0.87      0.87      0.87       596
   macro avg       0.87      0.87      0.86       596
weighted avg       0.87      0.87      0.86       596
=====================================================
Epoch: 99
[[134   5   2   8]
 [  2 145   0   2]
 [  0   0 143   6]
 [ 20   2  31  96]]
OA: 86%
Cohen's kappa: 0.82
              precision    recall  f1-score   support

           0       0.86      0.90      0.88       149
           1       0.95      0.97      0.96       149
           2       0.81      0.96      0.88       149
           3       0.86      0.64      0.74       149

   micro avg       0.87      0.87      0.87       596
   macro avg       0.87      0.87      0.86       596
weighted avg       0.87      0.87      0.86       596
=====================================================
Epoch: 100
[[134   5   2   8]
 [  2 145   0   2]
 [  1   0 141   7]
 [ 18   2  30  99]]
OA: 87%
Cohen's kappa: 0.82
              precision    recall  f1-score   support

           0       0.86      0.90      0.88       149
           1       0.95      0.97      0.96       149
           2       0.82      0.95      0.88       149
           3       0.85      0.66      0.75       149

   micro avg       0.87      0.87      0.87       596
   macro avg       0.87      0.87      0.87       596
weighted avg       0.87      0.87      0.87       596
