=====================================================
Epoch: 1
[[18  7  0  2]
 [ 3 12  3  2]
 [ 0  8 11  2]
 [ 0  8 13  3]]
OA: 47%
Cohen's kappa: 0.31
              precision    recall  f1-score   support

           0       0.86      0.67      0.75        27
           1       0.34      0.60      0.44        20
           2       0.41      0.52      0.46        21
           3       0.33      0.12      0.18        24

   micro avg       0.48      0.48      0.48        92
   macro avg       0.49      0.48      0.46        92
weighted avg       0.51      0.48      0.47        92
=====================================================
Epoch: 2
[[25  2  0  0]
 [ 7  5  2  6]
 [ 0  5  7  9]
 [ 2  9  8  5]]
OA: 45%
Cohen's kappa: 0.26
              precision    recall  f1-score   support

           0       0.74      0.93      0.82        27
           1       0.24      0.25      0.24        20
           2       0.41      0.33      0.37        21
           3       0.25      0.21      0.23        24

   micro avg       0.46      0.46      0.46        92
   macro avg       0.41      0.43      0.41        92
weighted avg       0.43      0.46      0.44        92
=====================================================
Epoch: 3
[[22  5  0  0]
 [ 6  4  1  9]
 [ 0  1  9 11]
 [ 2  5  5 12]]
OA: 51%
Cohen's kappa: 0.33
              precision    recall  f1-score   support

           0       0.73      0.81      0.77        27
           1       0.27      0.20      0.23        20
           2       0.60      0.43      0.50        21
           3       0.38      0.50      0.43        24

   micro avg       0.51      0.51      0.51        92
   macro avg       0.49      0.49      0.48        92
weighted avg       0.51      0.51      0.50        92
=====================================================
Epoch: 4
[[27  0  0  0]
 [ 9  4  3  4]
 [ 2  2 16  1]
 [ 7  4 11  2]]
OA: 53%
Cohen's kappa: 0.36
              precision    recall  f1-score   support

           0       0.60      1.00      0.75        27
           1       0.40      0.20      0.27        20
           2       0.53      0.76      0.63        21
           3       0.29      0.08      0.13        24

   micro avg       0.53      0.53      0.53        92
   macro avg       0.45      0.51      0.44        92
weighted avg       0.46      0.53      0.45        92
=====================================================
Epoch: 5
[[26  0  0  1]
 [ 7  2  3  8]
 [ 0  1 10 10]
 [ 4  2  5 13]]
OA: 55%
Cohen's kappa: 0.39
              precision    recall  f1-score   support

           0       0.70      0.96      0.81        27
           1       0.40      0.10      0.16        20
           2       0.56      0.48      0.51        21
           3       0.41      0.54      0.46        24

   micro avg       0.55      0.55      0.55        92
   macro avg       0.52      0.52      0.49        92
weighted avg       0.53      0.55      0.51        92
=====================================================
Epoch: 6
[[19  3  0  5]
 [ 4  8  3  5]
 [ 0  6 13  2]
 [ 0  4 11  9]]
OA: 53%
Cohen's kappa: 0.37
              precision    recall  f1-score   support

           0       0.83      0.70      0.76        27
           1       0.38      0.40      0.39        20
           2       0.48      0.62      0.54        21
           3       0.43      0.38      0.40        24

   micro avg       0.53      0.53      0.53        92
   macro avg       0.53      0.52      0.52        92
weighted avg       0.55      0.53      0.54        92
=====================================================
Epoch: 7
[[17 10  0  0]
 [ 3  5  8  4]
 [ 0  1 18  2]
 [ 0  3 15  6]]
OA: 50%
Cohen's kappa: 0.33
              precision    recall  f1-score   support

           0       0.85      0.63      0.72        27
           1       0.26      0.25      0.26        20
           2       0.44      0.86      0.58        21
           3       0.50      0.25      0.33        24

   micro avg       0.50      0.50      0.50        92
   macro avg       0.51      0.50      0.47        92
weighted avg       0.54      0.50      0.49        92
=====================================================
Epoch: 8
[[17  8  1  1]
 [ 2  8  6  4]
 [ 0  0 15  6]
 [ 1  4  6 13]]
OA: 57%
Cohen's kappa: 0.43
              precision    recall  f1-score   support

           0       0.85      0.63      0.72        27
           1       0.40      0.40      0.40        20
           2       0.54      0.71      0.61        21
           3       0.54      0.54      0.54        24

   micro avg       0.58      0.58      0.58        92
   macro avg       0.58      0.57      0.57        92
weighted avg       0.60      0.58      0.58        92
=====================================================
Epoch: 9
[[21  5  1  0]
 [ 3  6  9  2]
 [ 0  2 18  1]
 [ 0  2 16  6]]
OA: 55%
Cohen's kappa: 0.4
              precision    recall  f1-score   support

           0       0.88      0.78      0.82        27
           1       0.40      0.30      0.34        20
           2       0.41      0.86      0.55        21
           3       0.67      0.25      0.36        24

   micro avg       0.55      0.55      0.55        92
   macro avg       0.59      0.55      0.52        92
weighted avg       0.61      0.55      0.54        92
=====================================================
Epoch: 10
[[21  6  0  0]
 [ 4  9  5  2]
 [ 0  4 15  2]
 [ 0  7 12  5]]
OA: 54%
Cohen's kappa: 0.39
              precision    recall  f1-score   support

           0       0.84      0.78      0.81        27
           1       0.35      0.45      0.39        20
           2       0.47      0.71      0.57        21
           3       0.56      0.21      0.30        24

   micro avg       0.54      0.54      0.54        92
   macro avg       0.55      0.54      0.52        92
weighted avg       0.57      0.54      0.53        92
=====================================================
Epoch: 11
[[22  4  0  1]
 [ 5  7  3  5]
 [ 0  0 16  5]
 [ 2  5 11  6]]
OA: 55%
Cohen's kappa: 0.4
              precision    recall  f1-score   support

           0       0.76      0.81      0.79        27
           1       0.44      0.35      0.39        20
           2       0.53      0.76      0.63        21
           3       0.35      0.25      0.29        24

   micro avg       0.55      0.55      0.55        92
   macro avg       0.52      0.54      0.52        92
weighted avg       0.53      0.55      0.53        92
=====================================================
Epoch: 12
[[21  6  0  0]
 [ 4 11  0  5]
 [ 0  6  6  9]
 [ 1  7  1 15]]
OA: 57%
Cohen's kappa: 0.43
              precision    recall  f1-score   support

           0       0.81      0.78      0.79        27
           1       0.37      0.55      0.44        20
           2       0.86      0.29      0.43        21
           3       0.52      0.62      0.57        24

   micro avg       0.58      0.58      0.58        92
   macro avg       0.64      0.56      0.56        92
weighted avg       0.65      0.58      0.57        92
=====================================================
Epoch: 13
[[20  4  0  3]
 [ 4  8  5  3]
 [ 0  1 14  6]
 [ 0  4 13  7]]
OA: 53%
Cohen's kappa: 0.37
              precision    recall  f1-score   support

           0       0.83      0.74      0.78        27
           1       0.47      0.40      0.43        20
           2       0.44      0.67      0.53        21
           3       0.37      0.29      0.33        24

   micro avg       0.53      0.53      0.53        92
   macro avg       0.53      0.52      0.52        92
weighted avg       0.54      0.53      0.53        92
=====================================================
Epoch: 14
[[25  1  0  1]
 [ 8  6  2  4]
 [ 0  2 13  6]
 [ 2  3  6 13]]
OA: 61%
Cohen's kappa: 0.48
              precision    recall  f1-score   support

           0       0.71      0.93      0.81        27
           1       0.50      0.30      0.37        20
           2       0.62      0.62      0.62        21
           3       0.54      0.54      0.54        24

   micro avg       0.62      0.62      0.62        92
   macro avg       0.59      0.60      0.59        92
weighted avg       0.60      0.62      0.60        92
=====================================================
Epoch: 15
[[20  7  0  0]
 [ 5 12  3  0]
 [ 0  9 12  0]
 [ 2 10  4  8]]
OA: 56%
Cohen's kappa: 0.42
              precision    recall  f1-score   support

           0       0.74      0.74      0.74        27
           1       0.32      0.60      0.41        20
           2       0.63      0.57      0.60        21
           3       1.00      0.33      0.50        24

   micro avg       0.57      0.57      0.57        92
   macro avg       0.67      0.56      0.56        92
weighted avg       0.69      0.57      0.57        92
=====================================================
Epoch: 16
[[21  5  0  1]
 [ 5 11  3  1]
 [ 0  1 18  2]
 [ 1  8  5 10]]
OA: 65%
Cohen's kappa: 0.53
              precision    recall  f1-score   support

           0       0.78      0.78      0.78        27
           1       0.44      0.55      0.49        20
           2       0.69      0.86      0.77        21
           3       0.71      0.42      0.53        24

   micro avg       0.65      0.65      0.65        92
   macro avg       0.66      0.65      0.64        92
weighted avg       0.67      0.65      0.65        92
=====================================================
Epoch: 17
[[23  3  0  1]
 [ 6  4  4  6]
 [ 0  1 13  7]
 [ 4  1  3 16]]
OA: 60%
Cohen's kappa: 0.47
              precision    recall  f1-score   support

           0       0.70      0.85      0.77        27
           1       0.44      0.20      0.28        20
           2       0.65      0.62      0.63        21
           3       0.53      0.67      0.59        24

   micro avg       0.61      0.61      0.61        92
   macro avg       0.58      0.58      0.57        92
weighted avg       0.59      0.61      0.58        92
=====================================================
Epoch: 18
[[26  0  0  1]
 [ 8  9  2  1]
 [ 0  4 11  6]
 [ 2  2  2 18]]
OA: 69%
Cohen's kappa: 0.58
              precision    recall  f1-score   support

           0       0.72      0.96      0.83        27
           1       0.60      0.45      0.51        20
           2       0.73      0.52      0.61        21
           3       0.69      0.75      0.72        24

   micro avg       0.70      0.70      0.70        92
   macro avg       0.69      0.67      0.67        92
weighted avg       0.69      0.70      0.68        92
=====================================================
Epoch: 19
[[21  5  0  1]
 [ 4  9  6  1]
 [ 0  2 18  1]
 [ 0  8 12  4]]
OA: 56%
Cohen's kappa: 0.42
              precision    recall  f1-score   support

           0       0.84      0.78      0.81        27
           1       0.38      0.45      0.41        20
           2       0.50      0.86      0.63        21
           3       0.57      0.17      0.26        24

   micro avg       0.57      0.57      0.57        92
   macro avg       0.57      0.56      0.53        92
weighted avg       0.59      0.57      0.54        92
=====================================================
Epoch: 20
[[24  3  0  0]
 [ 5  8  6  1]
 [ 0  2 16  3]
 [ 2  4  8 10]]
OA: 63%
Cohen's kappa: 0.5
              precision    recall  f1-score   support

           0       0.77      0.89      0.83        27
           1       0.47      0.40      0.43        20
           2       0.53      0.76      0.63        21
           3       0.71      0.42      0.53        24

   micro avg       0.63      0.63      0.63        92
   macro avg       0.62      0.62      0.60        92
weighted avg       0.64      0.63      0.62        92
=====================================================
Epoch: 21
[[15 10  0  2]
 [ 1 18  1  0]
 [ 0 15  5  1]
 [ 0 18  3  3]]
OA: 44%
Cohen's kappa: 0.27
              precision    recall  f1-score   support

           0       0.94      0.56      0.70        27
           1       0.30      0.90      0.44        20
           2       0.56      0.24      0.33        21
           3       0.50      0.12      0.20        24

   micro avg       0.45      0.45      0.45        92
   macro avg       0.57      0.45      0.42        92
weighted avg       0.60      0.45      0.43        92
=====================================================
Epoch: 22
[[22  5  0  0]
 [ 3 13  2  2]
 [ 0  9 11  1]
 [ 1  8  3 12]]
OA: 63%
Cohen's kappa: 0.5
              precision    recall  f1-score   support

           0       0.85      0.81      0.83        27
           1       0.37      0.65      0.47        20
           2       0.69      0.52      0.59        21
           3       0.80      0.50      0.62        24

   micro avg       0.63      0.63      0.63        92
   macro avg       0.68      0.62      0.63        92
weighted avg       0.69      0.63      0.64        92
=====================================================
Epoch: 23
[[18  9  0  0]
 [ 1 10  7  2]
 [ 0  2 18  1]
 [ 0  3 13  8]]
OA: 58%
Cohen's kappa: 0.45
              precision    recall  f1-score   support

           0       0.95      0.67      0.78        27
           1       0.42      0.50      0.45        20
           2       0.47      0.86      0.61        21
           3       0.73      0.33      0.46        24

   micro avg       0.59      0.59      0.59        92
   macro avg       0.64      0.59      0.58        92
weighted avg       0.67      0.59      0.59        92
=====================================================
Epoch: 24
[[20  7  0  0]
 [ 1 13  5  1]
 [ 0  1 18  2]
 [ 0  4 11  9]]
OA: 65%
Cohen's kappa: 0.53
              precision    recall  f1-score   support

           0       0.95      0.74      0.83        27
           1       0.52      0.65      0.58        20
           2       0.53      0.86      0.65        21
           3       0.75      0.38      0.50        24

   micro avg       0.65      0.65      0.65        92
   macro avg       0.69      0.66      0.64        92
weighted avg       0.71      0.65      0.65        92
=====================================================
Epoch: 25
[[24  2  1  0]
 [ 5 10  2  3]
 [ 0  4 11  6]
 [ 1  4  2 17]]
OA: 67%
Cohen's kappa: 0.56
              precision    recall  f1-score   support

           0       0.80      0.89      0.84        27
           1       0.50      0.50      0.50        20
           2       0.69      0.52      0.59        21
           3       0.65      0.71      0.68        24

   micro avg       0.67      0.67      0.67        92
   macro avg       0.66      0.66      0.65        92
weighted avg       0.67      0.67      0.67        92
=====================================================
Epoch: 26
[[21  6  0  0]
 [ 3 13  1  3]
 [ 0  6 12  3]
 [ 0  6  5 13]]
OA: 64%
Cohen's kappa: 0.52
              precision    recall  f1-score   support

           0       0.88      0.78      0.82        27
           1       0.42      0.65      0.51        20
           2       0.67      0.57      0.62        21
           3       0.68      0.54      0.60        24

   micro avg       0.64      0.64      0.64        92
   macro avg       0.66      0.64      0.64        92
weighted avg       0.68      0.64      0.65        92
=====================================================
Epoch: 27
[[22  5  0  0]
 [ 5  8  6  1]
 [ 0  2 16  3]
 [ 2  4  5 13]]
OA: 64%
Cohen's kappa: 0.52
              precision    recall  f1-score   support

           0       0.76      0.81      0.79        27
           1       0.42      0.40      0.41        20
           2       0.59      0.76      0.67        21
           3       0.76      0.54      0.63        24

   micro avg       0.64      0.64      0.64        92
   macro avg       0.63      0.63      0.62        92
weighted avg       0.65      0.64      0.64        92
=====================================================
Epoch: 28
[[24  2  0  1]
 [ 5 10  5  0]
 [ 0  3 18  0]
 [ 2  3  9 10]]
OA: 67%
Cohen's kappa: 0.56
              precision    recall  f1-score   support

           0       0.77      0.89      0.83        27
           1       0.56      0.50      0.53        20
           2       0.56      0.86      0.68        21
           3       0.91      0.42      0.57        24

   micro avg       0.67      0.67      0.67        92
   macro avg       0.70      0.67      0.65        92
weighted avg       0.71      0.67      0.66        92
=====================================================
Epoch: 29
[[23  3  0  1]
 [ 5  9  6  0]
 [ 0  3 18  0]
 [ 1  2  6 15]]
OA: 70%
Cohen's kappa: 0.6
              precision    recall  f1-score   support

           0       0.79      0.85      0.82        27
           1       0.53      0.45      0.49        20
           2       0.60      0.86      0.71        21
           3       0.94      0.62      0.75        24

   micro avg       0.71      0.71      0.71        92
   macro avg       0.72      0.70      0.69        92
weighted avg       0.73      0.71      0.70        92
=====================================================
Epoch: 30
[[25  1  0  1]
 [ 6  8  4  2]
 [ 0  7 10  4]
 [ 2  0  6 16]]
OA: 64%
Cohen's kappa: 0.51
              precision    recall  f1-score   support

           0       0.76      0.93      0.83        27
           1       0.50      0.40      0.44        20
           2       0.50      0.48      0.49        21
           3       0.70      0.67      0.68        24

   micro avg       0.64      0.64      0.64        92
   macro avg       0.61      0.62      0.61        92
weighted avg       0.63      0.64      0.63        92
=====================================================
Epoch: 31
[[23  3  0  1]
 [ 5  8  6  1]
 [ 0  3 18  0]
 [ 2  4 10  8]]
OA: 61%
Cohen's kappa: 0.49
              precision    recall  f1-score   support

           0       0.77      0.85      0.81        27
           1       0.44      0.40      0.42        20
           2       0.53      0.86      0.65        21
           3       0.80      0.33      0.47        24

   micro avg       0.62      0.62      0.62        92
   macro avg       0.64      0.61      0.59        92
weighted avg       0.65      0.62      0.60        92
=====================================================
Epoch: 32
[[24  2  0  1]
 [ 8  2  3  7]
 [ 0  3 12  6]
 [ 1  3  3 17]]
OA: 59%
Cohen's kappa: 0.45
              precision    recall  f1-score   support

           0       0.73      0.89      0.80        27
           1       0.20      0.10      0.13        20
           2       0.67      0.57      0.62        21
           3       0.55      0.71      0.62        24

   micro avg       0.60      0.60      0.60        92
   macro avg       0.54      0.57      0.54        92
weighted avg       0.55      0.60      0.57        92
=====================================================
Epoch: 33
[[19  6  0  2]
 [ 2  8 10  0]
 [ 0  1 20  0]
 [ 1  5  9  9]]
OA: 60%
Cohen's kappa: 0.48
              precision    recall  f1-score   support

           0       0.86      0.70      0.78        27
           1       0.40      0.40      0.40        20
           2       0.51      0.95      0.67        21
           3       0.82      0.38      0.51        24

   micro avg       0.61      0.61      0.61        92
   macro avg       0.65      0.61      0.59        92
weighted avg       0.67      0.61      0.60        92
=====================================================
Epoch: 34
[[15 10  0  2]
 [ 2 12  3  3]
 [ 0  2 16  3]
 [ 1  1  7 15]]
OA: 63%
Cohen's kappa: 0.5
              precision    recall  f1-score   support

           0       0.83      0.56      0.67        27
           1       0.48      0.60      0.53        20
           2       0.62      0.76      0.68        21
           3       0.65      0.62      0.64        24

   micro avg       0.63      0.63      0.63        92
   macro avg       0.65      0.64      0.63        92
weighted avg       0.66      0.63      0.63        92
=====================================================
Epoch: 35
[[21  5  0  1]
 [ 5  7  7  1]
 [ 0  1 20  0]
 [ 2  3  7 12]]
OA: 65%
Cohen's kappa: 0.53
              precision    recall  f1-score   support

           0       0.75      0.78      0.76        27
           1       0.44      0.35      0.39        20
           2       0.59      0.95      0.73        21
           3       0.86      0.50      0.63        24

   micro avg       0.65      0.65      0.65        92
   macro avg       0.66      0.65      0.63        92
weighted avg       0.67      0.65      0.64        92
=====================================================
Epoch: 36
[[21  5  0  1]
 [ 4  8  5  3]
 [ 0  2 16  3]
 [ 0  6  6 12]]
OA: 61%
Cohen's kappa: 0.49
              precision    recall  f1-score   support

           0       0.84      0.78      0.81        27
           1       0.38      0.40      0.39        20
           2       0.59      0.76      0.67        21
           3       0.63      0.50      0.56        24

   micro avg       0.62      0.62      0.62        92
   macro avg       0.61      0.61      0.61        92
weighted avg       0.63      0.62      0.62        92
=====================================================
Epoch: 37
[[17  9  1  0]
 [ 3  8  7  2]
 [ 0  1 20  0]
 [ 0  3  9 12]]
OA: 61%
Cohen's kappa: 0.49
              precision    recall  f1-score   support

           0       0.85      0.63      0.72        27
           1       0.38      0.40      0.39        20
           2       0.54      0.95      0.69        21
           3       0.86      0.50      0.63        24

   micro avg       0.62      0.62      0.62        92
   macro avg       0.66      0.62      0.61        92
weighted avg       0.68      0.62      0.62        92
=====================================================
Epoch: 38
[[23  4  0  0]
 [ 4 11  2  3]
 [ 0  4 17  0]
 [ 0  3  6 15]]
OA: 71%
Cohen's kappa: 0.62
              precision    recall  f1-score   support

           0       0.85      0.85      0.85        27
           1       0.50      0.55      0.52        20
           2       0.68      0.81      0.74        21
           3       0.83      0.62      0.71        24

   micro avg       0.72      0.72      0.72        92
   macro avg       0.72      0.71      0.71        92
weighted avg       0.73      0.72      0.72        92
=====================================================
Epoch: 39
[[21  5  1  0]
 [ 3 11  3  3]
 [ 0  5 16  0]
 [ 0  4  7 13]]
OA: 66%
Cohen's kappa: 0.55
              precision    recall  f1-score   support

           0       0.88      0.78      0.82        27
           1       0.44      0.55      0.49        20
           2       0.59      0.76      0.67        21
           3       0.81      0.54      0.65        24

   micro avg       0.66      0.66      0.66        92
   macro avg       0.68      0.66      0.66        92
weighted avg       0.70      0.66      0.67        92
=====================================================
Epoch: 40
[[23  2  1  1]
 [ 4 10  6  0]
 [ 0  3 18  0]
 [ 0  4 11  9]]
OA: 65%
Cohen's kappa: 0.53
              precision    recall  f1-score   support

           0       0.85      0.85      0.85        27
           1       0.53      0.50      0.51        20
           2       0.50      0.86      0.63        21
           3       0.90      0.38      0.53        24

   micro avg       0.65      0.65      0.65        92
   macro avg       0.69      0.65      0.63        92
weighted avg       0.71      0.65      0.64        92
=====================================================
Epoch: 41
[[21  6  0  0]
 [ 3 10  3  4]
 [ 0  5 15  1]
 [ 0  4  7 13]]
OA: 64%
Cohen's kappa: 0.52
              precision    recall  f1-score   support

           0       0.88      0.78      0.82        27
           1       0.40      0.50      0.44        20
           2       0.60      0.71      0.65        21
           3       0.72      0.54      0.62        24

   micro avg       0.64      0.64      0.64        92
   macro avg       0.65      0.63      0.63        92
weighted avg       0.67      0.64      0.65        92
=====================================================
Epoch: 42
[[18  8  0  1]
 [ 2 12  4  2]
 [ 0  4 17  0]
 [ 0  4  7 13]]
OA: 65%
Cohen's kappa: 0.53
              precision    recall  f1-score   support

           0       0.90      0.67      0.77        27
           1       0.43      0.60      0.50        20
           2       0.61      0.81      0.69        21
           3       0.81      0.54      0.65        24

   micro avg       0.65      0.65      0.65        92
   macro avg       0.69      0.65      0.65        92
weighted avg       0.71      0.65      0.66        92
=====================================================
Epoch: 43
[[21  5  0  1]
 [ 3 10  5  2]
 [ 0  3 18  0]
 [ 0  2  7 15]]
OA: 69%
Cohen's kappa: 0.59
              precision    recall  f1-score   support

           0       0.88      0.78      0.82        27
           1       0.50      0.50      0.50        20
           2       0.60      0.86      0.71        21
           3       0.83      0.62      0.71        24

   micro avg       0.70      0.70      0.70        92
   macro avg       0.70      0.69      0.69        92
weighted avg       0.72      0.70      0.70        92
=====================================================
Epoch: 44
[[19  7  1  0]
 [ 3 12  4  1]
 [ 0  2 19  0]
 [ 0  5  5 14]]
OA: 69%
Cohen's kappa: 0.59
              precision    recall  f1-score   support

           0       0.86      0.70      0.78        27
           1       0.46      0.60      0.52        20
           2       0.66      0.90      0.76        21
           3       0.93      0.58      0.72        24

   micro avg       0.70      0.70      0.70        92
   macro avg       0.73      0.70      0.69        92
weighted avg       0.75      0.70      0.70        92
=====================================================
Epoch: 45
[[19  6  0  2]
 [ 3  9  3  5]
 [ 0  1 20  0]
 [ 0  3  4 17]]
OA: 70%
Cohen's kappa: 0.6
              precision    recall  f1-score   support

           0       0.86      0.70      0.78        27
           1       0.47      0.45      0.46        20
           2       0.74      0.95      0.83        21
           3       0.71      0.71      0.71        24

   micro avg       0.71      0.71      0.71        92
   macro avg       0.70      0.70      0.69        92
weighted avg       0.71      0.71      0.70        92
=====================================================
Epoch: 46
[[18  5  1  3]
 [ 3 10  5  2]
 [ 0  4 17  0]
 [ 0  3  5 16]]
OA: 66%
Cohen's kappa: 0.55
              precision    recall  f1-score   support

           0       0.86      0.67      0.75        27
           1       0.45      0.50      0.48        20
           2       0.61      0.81      0.69        21
           3       0.76      0.67      0.71        24

   micro avg       0.66      0.66      0.66        92
   macro avg       0.67      0.66      0.66        92
weighted avg       0.69      0.66      0.67        92
=====================================================
Epoch: 47
[[21  4  1  1]
 [ 3  5  9  3]
 [ 0  1 20  0]
 [ 0  2 10 12]]
OA: 63%
Cohen's kappa: 0.5
              precision    recall  f1-score   support

           0       0.88      0.78      0.82        27
           1       0.42      0.25      0.31        20
           2       0.50      0.95      0.66        21
           3       0.75      0.50      0.60        24

   micro avg       0.63      0.63      0.63        92
   macro avg       0.64      0.62      0.60        92
weighted avg       0.66      0.63      0.62        92
=====================================================
Epoch: 48
[[17  9  0  1]
 [ 2 12  4  2]
 [ 0  3 16  2]
 [ 0  4  4 16]]
OA: 66%
Cohen's kappa: 0.55
              precision    recall  f1-score   support

           0       0.89      0.63      0.74        27
           1       0.43      0.60      0.50        20
           2       0.67      0.76      0.71        21
           3       0.76      0.67      0.71        24

   micro avg       0.66      0.66      0.66        92
   macro avg       0.69      0.66      0.67        92
weighted avg       0.71      0.66      0.67        92
=====================================================
Epoch: 49
[[20  5  1  1]
 [ 4 10  4  2]
 [ 0  4 13  4]
 [ 0  5  3 16]]
OA: 64%
Cohen's kappa: 0.52
              precision    recall  f1-score   support

           0       0.83      0.74      0.78        27
           1       0.42      0.50      0.45        20
           2       0.62      0.62      0.62        21
           3       0.70      0.67      0.68        24

   micro avg       0.64      0.64      0.64        92
   macro avg       0.64      0.63      0.63        92
weighted avg       0.66      0.64      0.65        92
=====================================================
Epoch: 50
[[24  2  1  0]
 [ 5  9  5  1]
 [ 0  3 17  1]
 [ 1  3  9 11]]
OA: 66%
Cohen's kappa: 0.54
              precision    recall  f1-score   support

           0       0.80      0.89      0.84        27
           1       0.53      0.45      0.49        20
           2       0.53      0.81      0.64        21
           3       0.85      0.46      0.59        24

   micro avg       0.66      0.66      0.66        92
   macro avg       0.68      0.65      0.64        92
weighted avg       0.69      0.66      0.65        92
=====================================================
Epoch: 51
[[19  6  0  2]
 [ 3 12  4  1]
 [ 0  3 15  3]
 [ 0  3  5 16]]
OA: 67%
Cohen's kappa: 0.56
              precision    recall  f1-score   support

           0       0.86      0.70      0.78        27
           1       0.50      0.60      0.55        20
           2       0.62      0.71      0.67        21
           3       0.73      0.67      0.70        24

   micro avg       0.67      0.67      0.67        92
   macro avg       0.68      0.67      0.67        92
weighted avg       0.69      0.67      0.68        92
=====================================================
Epoch: 52
[[20  7  0  0]
 [ 4 10  5  1]
 [ 0  3 18  0]
 [ 0  6 10  8]]
OA: 60%
Cohen's kappa: 0.48
              precision    recall  f1-score   support

           0       0.83      0.74      0.78        27
           1       0.38      0.50      0.43        20
           2       0.55      0.86      0.67        21
           3       0.89      0.33      0.48        24

   micro avg       0.61      0.61      0.61        92
   macro avg       0.66      0.61      0.59        92
weighted avg       0.68      0.61      0.60        92
=====================================================
Epoch: 53
[[19  6  1  1]
 [ 3 10  6  1]
 [ 0  3 17  1]
 [ 0  4  5 15]]
OA: 66%
Cohen's kappa: 0.55
              precision    recall  f1-score   support

           0       0.86      0.70      0.78        27
           1       0.43      0.50      0.47        20
           2       0.59      0.81      0.68        21
           3       0.83      0.62      0.71        24

   micro avg       0.66      0.66      0.66        92
   macro avg       0.68      0.66      0.66        92
weighted avg       0.70      0.66      0.67        92
=====================================================
Epoch: 54
[[21  5  0  1]
 [ 3 10  4  3]
 [ 0  4 16  1]
 [ 1  4  7 12]]
OA: 64%
Cohen's kappa: 0.52
              precision    recall  f1-score   support

           0       0.84      0.78      0.81        27
           1       0.43      0.50      0.47        20
           2       0.59      0.76      0.67        21
           3       0.71      0.50      0.59        24

   micro avg       0.64      0.64      0.64        92
   macro avg       0.64      0.63      0.63        92
weighted avg       0.66      0.64      0.64        92
=====================================================
Epoch: 55
[[20  5  0  2]
 [ 3 11  5  1]
 [ 0  2 19  0]
 [ 0  4  7 13]]
OA: 68%
Cohen's kappa: 0.58
              precision    recall  f1-score   support

           0       0.87      0.74      0.80        27
           1       0.50      0.55      0.52        20
           2       0.61      0.90      0.73        21
           3       0.81      0.54      0.65        24

   micro avg       0.68      0.68      0.68        92
   macro avg       0.70      0.68      0.68        92
weighted avg       0.72      0.68      0.69        92
=====================================================
Epoch: 56
[[21  3  0  3]
 [ 4  7  6  3]
 [ 0  1 17  3]
 [ 2  1  7 14]]
OA: 64%
Cohen's kappa: 0.51
              precision    recall  f1-score   support

           0       0.78      0.78      0.78        27
           1       0.58      0.35      0.44        20
           2       0.57      0.81      0.67        21
           3       0.61      0.58      0.60        24

   micro avg       0.64      0.64      0.64        92
   macro avg       0.63      0.63      0.62        92
weighted avg       0.64      0.64      0.63        92
=====================================================
Epoch: 57
[[21  4  1  1]
 [ 3  8  5  4]
 [ 0  2 19  0]
 [ 0  3  6 15]]
OA: 68%
Cohen's kappa: 0.57
              precision    recall  f1-score   support

           0       0.88      0.78      0.82        27
           1       0.47      0.40      0.43        20
           2       0.61      0.90      0.73        21
           3       0.75      0.62      0.68        24

   micro avg       0.68      0.68      0.68        92
   macro avg       0.68      0.68      0.67        92
weighted avg       0.69      0.68      0.68        92
=====================================================
Epoch: 58
[[21  6  0  0]
 [ 3 10  4  3]
 [ 0  3 18  0]
 [ 1  5  6 12]]
OA: 66%
Cohen's kappa: 0.55
              precision    recall  f1-score   support

           0       0.84      0.78      0.81        27
           1       0.42      0.50      0.45        20
           2       0.64      0.86      0.73        21
           3       0.80      0.50      0.62        24

   micro avg       0.66      0.66      0.66        92
   macro avg       0.67      0.66      0.65        92
weighted avg       0.69      0.66      0.66        92
=====================================================
Epoch: 59
[[23  3  0  1]
 [ 3 10  4  3]
 [ 0  4 16  1]
 [ 0 10  3 11]]
OA: 65%
Cohen's kappa: 0.53
              precision    recall  f1-score   support

           0       0.88      0.85      0.87        27
           1       0.37      0.50      0.43        20
           2       0.70      0.76      0.73        21
           3       0.69      0.46      0.55        24

   micro avg       0.65      0.65      0.65        92
   macro avg       0.66      0.64      0.64        92
weighted avg       0.68      0.65      0.66        92
=====================================================
Epoch: 60
[[20  6  1  0]
 [ 2 11  5  2]
 [ 0  3 18  0]
 [ 1  4  8 11]]
OA: 65%
Cohen's kappa: 0.53
              precision    recall  f1-score   support

           0       0.87      0.74      0.80        27
           1       0.46      0.55      0.50        20
           2       0.56      0.86      0.68        21
           3       0.85      0.46      0.59        24

   micro avg       0.65      0.65      0.65        92
   macro avg       0.68      0.65      0.64        92
weighted avg       0.70      0.65      0.65        92
=====================================================
Epoch: 61
[[23  2  1  1]
 [ 6  4  7  3]
 [ 0  2 18  1]
 [ 2  3  7 12]]
OA: 61%
Cohen's kappa: 0.48
              precision    recall  f1-score   support

           0       0.74      0.85      0.79        27
           1       0.36      0.20      0.26        20
           2       0.55      0.86      0.67        21
           3       0.71      0.50      0.59        24

   micro avg       0.62      0.62      0.62        92
   macro avg       0.59      0.60      0.58        92
weighted avg       0.61      0.62      0.59        92
=====================================================
Epoch: 62
[[23  3  1  0]
 [ 4  9  5  2]
 [ 0  4 17  0]
 [ 2  5  5 12]]
OA: 66%
Cohen's kappa: 0.54
              precision    recall  f1-score   support

           0       0.79      0.85      0.82        27
           1       0.43      0.45      0.44        20
           2       0.61      0.81      0.69        21
           3       0.86      0.50      0.63        24

   micro avg       0.66      0.66      0.66        92
   macro avg       0.67      0.65      0.65        92
weighted avg       0.69      0.66      0.66        92
=====================================================
Epoch: 63
[[21  5  1  0]
 [ 4 11  4  1]
 [ 0  1 20  0]
 [ 0  6  7 11]]
OA: 68%
Cohen's kappa: 0.58
              precision    recall  f1-score   support

           0       0.84      0.78      0.81        27
           1       0.48      0.55      0.51        20
           2       0.62      0.95      0.75        21
           3       0.92      0.46      0.61        24

   micro avg       0.68      0.68      0.68        92
   macro avg       0.71      0.68      0.67        92
weighted avg       0.73      0.68      0.68        92
=====================================================
Epoch: 64
[[24  3  0  0]
 [ 5  7  5  3]
 [ 0  1 17  3]
 [ 0  4  5 15]]
OA: 68%
Cohen's kappa: 0.57
              precision    recall  f1-score   support

           0       0.83      0.89      0.86        27
           1       0.47      0.35      0.40        20
           2       0.63      0.81      0.71        21
           3       0.71      0.62      0.67        24

   micro avg       0.68      0.68      0.68        92
   macro avg       0.66      0.67      0.66        92
weighted avg       0.67      0.68      0.67        92
=====================================================
Epoch: 65
[[23  3  1  0]
 [ 4 10  5  1]
 [ 0  3 18  0]
 [ 1  5  8 10]]
OA: 66%
Cohen's kappa: 0.55
              precision    recall  f1-score   support

           0       0.82      0.85      0.84        27
           1       0.48      0.50      0.49        20
           2       0.56      0.86      0.68        21
           3       0.91      0.42      0.57        24

   micro avg       0.66      0.66      0.66        92
   macro avg       0.69      0.66      0.64        92
weighted avg       0.71      0.66      0.66        92
=====================================================
Epoch: 66
[[21  5  1  0]
 [ 3  7  8  2]
 [ 0  1 20  0]
 [ 0  3  9 12]]
OA: 65%
Cohen's kappa: 0.53
              precision    recall  f1-score   support

           0       0.88      0.78      0.82        27
           1       0.44      0.35      0.39        20
           2       0.53      0.95      0.68        21
           3       0.86      0.50      0.63        24

   micro avg       0.65      0.65      0.65        92
   macro avg       0.67      0.65      0.63        92
weighted avg       0.70      0.65      0.65        92
=====================================================
Epoch: 67
[[17  8  1  1]
 [ 2 12  5  1]
 [ 0  2 19  0]
 [ 0  4  9 11]]
OA: 64%
Cohen's kappa: 0.52
              precision    recall  f1-score   support

           0       0.89      0.63      0.74        27
           1       0.46      0.60      0.52        20
           2       0.56      0.90      0.69        21
           3       0.85      0.46      0.59        24

   micro avg       0.64      0.64      0.64        92
   macro avg       0.69      0.65      0.64        92
weighted avg       0.71      0.64      0.64        92
=====================================================
Epoch: 68
[[23  3  1  0]
 [ 5  7  4  4]
 [ 0  2 19  0]
 [ 0  1  8 15]]
OA: 69%
Cohen's kappa: 0.59
              precision    recall  f1-score   support

           0       0.82      0.85      0.84        27
           1       0.54      0.35      0.42        20
           2       0.59      0.90      0.72        21
           3       0.79      0.62      0.70        24

   micro avg       0.70      0.70      0.70        92
   macro avg       0.69      0.68      0.67        92
weighted avg       0.70      0.70      0.68        92
=====================================================
Epoch: 69
[[20  5  1  1]
 [ 3 12  4  1]
 [ 0  2 19  0]
 [ 0  6  6 12]]
OA: 68%
Cohen's kappa: 0.58
              precision    recall  f1-score   support

           0       0.87      0.74      0.80        27
           1       0.48      0.60      0.53        20
           2       0.63      0.90      0.75        21
           3       0.86      0.50      0.63        24

   micro avg       0.68      0.68      0.68        92
   macro avg       0.71      0.69      0.68        92
weighted avg       0.73      0.68      0.69        92
=====================================================
Epoch: 70
[[16 10  1  0]
 [ 1 13  4  2]
 [ 0  2 19  0]
 [ 0  3  8 13]]
OA: 66%
Cohen's kappa: 0.55
              precision    recall  f1-score   support

           0       0.94      0.59      0.73        27
           1       0.46      0.65      0.54        20
           2       0.59      0.90      0.72        21
           3       0.87      0.54      0.67        24

   micro avg       0.66      0.66      0.66        92
   macro avg       0.72      0.67      0.66        92
weighted avg       0.74      0.66      0.67        92
=====================================================
Epoch: 71
[[21  5  1  0]
 [ 3  8  6  3]
 [ 0  2 18  1]
 [ 0  3  6 15]]
OA: 67%
Cohen's kappa: 0.56
              precision    recall  f1-score   support

           0       0.88      0.78      0.82        27
           1       0.44      0.40      0.42        20
           2       0.58      0.86      0.69        21
           3       0.79      0.62      0.70        24

   micro avg       0.67      0.67      0.67        92
   macro avg       0.67      0.66      0.66        92
weighted avg       0.69      0.67      0.67        92
=====================================================
Epoch: 72
[[22  4  1  0]
 [ 5  6  4  5]
 [ 0  3 13  5]
 [ 0  5  4 15]]
OA: 60%
Cohen's kappa: 0.47
              precision    recall  f1-score   support

           0       0.81      0.81      0.81        27
           1       0.33      0.30      0.32        20
           2       0.59      0.62      0.60        21
           3       0.60      0.62      0.61        24

   micro avg       0.61      0.61      0.61        92
   macro avg       0.58      0.59      0.59        92
weighted avg       0.60      0.61      0.61        92
=====================================================
Epoch: 73
[[22  4  1  0]
 [ 4  8  7  1]
 [ 0  1 20  0]
 [ 0  3 11 10]]
OA: 65%
Cohen's kappa: 0.53
              precision    recall  f1-score   support

           0       0.85      0.81      0.83        27
           1       0.50      0.40      0.44        20
           2       0.51      0.95      0.67        21
           3       0.91      0.42      0.57        24

   micro avg       0.65      0.65      0.65        92
   macro avg       0.69      0.65      0.63        92
weighted avg       0.71      0.65      0.64        92
=====================================================
Epoch: 74
[[18  8  1  0]
 [ 3 13  3  1]
 [ 0  3 18  0]
 [ 1  7  5 11]]
OA: 65%
Cohen's kappa: 0.53
              precision    recall  f1-score   support

           0       0.82      0.67      0.73        27
           1       0.42      0.65      0.51        20
           2       0.67      0.86      0.75        21
           3       0.92      0.46      0.61        24

   micro avg       0.65      0.65      0.65        92
   macro avg       0.71      0.66      0.65        92
weighted avg       0.72      0.65      0.66        92
=====================================================
Epoch: 75
[[19  6  1  1]
 [ 3 11  3  3]
 [ 0  2 19  0]
 [ 0  4  8 12]]
OA: 66%
Cohen's kappa: 0.55
              precision    recall  f1-score   support

           0       0.86      0.70      0.78        27
           1       0.48      0.55      0.51        20
           2       0.61      0.90      0.73        21
           3       0.75      0.50      0.60        24

   micro avg       0.66      0.66      0.66        92
   macro avg       0.68      0.66      0.65        92
weighted avg       0.69      0.66      0.66        92
=====================================================
Epoch: 76
[[22  4  1  0]
 [ 2 12  5  1]
 [ 0  4 17  0]
 [ 0  5  6 13]]
OA: 69%
Cohen's kappa: 0.59
              precision    recall  f1-score   support

           0       0.92      0.81      0.86        27
           1       0.48      0.60      0.53        20
           2       0.59      0.81      0.68        21
           3       0.93      0.54      0.68        24

   micro avg       0.70      0.70      0.70        92
   macro avg       0.73      0.69      0.69        92
weighted avg       0.75      0.70      0.70        92
=====================================================
Epoch: 77
[[19  7  1  0]
 [ 3 12  4  1]
 [ 0  3 17  1]
 [ 0  5  7 12]]
OA: 65%
Cohen's kappa: 0.53
              precision    recall  f1-score   support

           0       0.86      0.70      0.78        27
           1       0.44      0.60      0.51        20
           2       0.59      0.81      0.68        21
           3       0.86      0.50      0.63        24

   micro avg       0.65      0.65      0.65        92
   macro avg       0.69      0.65      0.65        92
weighted avg       0.71      0.65      0.66        92
=====================================================
Epoch: 78
[[22  4  1  0]
 [ 3  8  5  4]
 [ 0  2 18  1]
 [ 1  2  8 13]]
OA: 66%
Cohen's kappa: 0.55
              precision    recall  f1-score   support

           0       0.85      0.81      0.83        27
           1       0.50      0.40      0.44        20
           2       0.56      0.86      0.68        21
           3       0.72      0.54      0.62        24

   micro avg       0.66      0.66      0.66        92
   macro avg       0.66      0.65      0.64        92
weighted avg       0.67      0.66      0.66        92
=====================================================
Epoch: 79
[[19  6  1  1]
 [ 3 10  6  1]
 [ 0  2 18  1]
 [ 0  2  7 15]]
OA: 67%
Cohen's kappa: 0.56
              precision    recall  f1-score   support

           0       0.86      0.70      0.78        27
           1       0.50      0.50      0.50        20
           2       0.56      0.86      0.68        21
           3       0.83      0.62      0.71        24

   micro avg       0.67      0.67      0.67        92
   macro avg       0.69      0.67      0.67        92
weighted avg       0.71      0.67      0.68        92
=====================================================
Epoch: 80
[[21  4  1  1]
 [ 3 11  4  2]
 [ 0  2 18  1]
 [ 0  3  6 15]]
OA: 70%
Cohen's kappa: 0.6
              precision    recall  f1-score   support

           0       0.88      0.78      0.82        27
           1       0.55      0.55      0.55        20
           2       0.62      0.86      0.72        21
           3       0.79      0.62      0.70        24

   micro avg       0.71      0.71      0.71        92
   macro avg       0.71      0.70      0.70        92
weighted avg       0.72      0.71      0.71        92
=====================================================
Epoch: 81
[[19  6  1  1]
 [ 3 11  6  0]
 [ 0  3 17  1]
 [ 0  4  9 11]]
OA: 63%
Cohen's kappa: 0.51
              precision    recall  f1-score   support

           0       0.86      0.70      0.78        27
           1       0.46      0.55      0.50        20
           2       0.52      0.81      0.63        21
           3       0.85      0.46      0.59        24

   micro avg       0.63      0.63      0.63        92
   macro avg       0.67      0.63      0.62        92
weighted avg       0.69      0.63      0.64        92
=====================================================
Epoch: 82
[[22  4  1  0]
 [ 3 10  5  2]
 [ 0  4 17  0]
 [ 0  4  8 12]]
OA: 66%
Cohen's kappa: 0.55
              precision    recall  f1-score   support

           0       0.88      0.81      0.85        27
           1       0.45      0.50      0.48        20
           2       0.55      0.81      0.65        21
           3       0.86      0.50      0.63        24

   micro avg       0.66      0.66      0.66        92
   macro avg       0.69      0.66      0.65        92
weighted avg       0.71      0.66      0.67        92
=====================================================
Epoch: 83
[[18  7  1  1]
 [ 2  9  8  1]
 [ 0  1 20  0]
 [ 0  3  9 12]]
OA: 64%
Cohen's kappa: 0.52
              precision    recall  f1-score   support

           0       0.90      0.67      0.77        27
           1       0.45      0.45      0.45        20
           2       0.53      0.95      0.68        21
           3       0.86      0.50      0.63        24

   micro avg       0.64      0.64      0.64        92
   macro avg       0.68      0.64      0.63        92
weighted avg       0.71      0.64      0.64        92
=====================================================
Epoch: 84
[[22  3  1  1]
 [ 4  9  5  2]
 [ 0  2 19  0]
 [ 0  6  6 12]]
OA: 67%
Cohen's kappa: 0.56
              precision    recall  f1-score   support

           0       0.85      0.81      0.83        27
           1       0.45      0.45      0.45        20
           2       0.61      0.90      0.73        21
           3       0.80      0.50      0.62        24

   micro avg       0.67      0.67      0.67        92
   macro avg       0.68      0.67      0.66        92
weighted avg       0.69      0.67      0.67        92
=====================================================
Epoch: 85
[[23  3  1  0]
 [ 3 10  6  1]
 [ 0  2 19  0]
 [ 0  3  6 15]]
OA: 72%
Cohen's kappa: 0.63
              precision    recall  f1-score   support

           0       0.88      0.85      0.87        27
           1       0.56      0.50      0.53        20
           2       0.59      0.90      0.72        21
           3       0.94      0.62      0.75        24

   micro avg       0.73      0.73      0.73        92
   macro avg       0.74      0.72      0.72        92
weighted avg       0.76      0.73      0.73        92
=====================================================
Epoch: 86
[[20  5  1  1]
 [ 3  9  6  2]
 [ 0  3 18  0]
 [ 0  3 11 10]]
OA: 61%
Cohen's kappa: 0.49
              precision    recall  f1-score   support

           0       0.87      0.74      0.80        27
           1       0.45      0.45      0.45        20
           2       0.50      0.86      0.63        21
           3       0.77      0.42      0.54        24

   micro avg       0.62      0.62      0.62        92
   macro avg       0.65      0.62      0.61        92
weighted avg       0.67      0.62      0.62        92
=====================================================
Epoch: 87
[[19  6  1  1]
 [ 2 11  5  2]
 [ 0  2 19  0]
 [ 0  4  8 12]]
OA: 66%
Cohen's kappa: 0.55
              precision    recall  f1-score   support

           0       0.90      0.70      0.79        27
           1       0.48      0.55      0.51        20
           2       0.58      0.90      0.70        21
           3       0.80      0.50      0.62        24

   micro avg       0.66      0.66      0.66        92
   macro avg       0.69      0.66      0.66        92
weighted avg       0.71      0.66      0.66        92
=====================================================
Epoch: 88
[[22  4  1  0]
 [ 3  7 10  0]
 [ 0  2 19  0]
 [ 0  4  7 13]]
OA: 66%
Cohen's kappa: 0.55
              precision    recall  f1-score   support

           0       0.88      0.81      0.85        27
           1       0.41      0.35      0.38        20
           2       0.51      0.90      0.66        21
           3       1.00      0.54      0.70        24

   micro avg       0.66      0.66      0.66        92
   macro avg       0.70      0.65      0.65        92
weighted avg       0.73      0.66      0.66        92
=====================================================
Epoch: 89
[[21  6  0  0]
 [ 2  7 10  1]
 [ 0  1 20  0]
 [ 0  3 11 10]]
OA: 63%
Cohen's kappa: 0.5
              precision    recall  f1-score   support

           0       0.91      0.78      0.84        27
           1       0.41      0.35      0.38        20
           2       0.49      0.95      0.65        21
           3       0.91      0.42      0.57        24

   micro avg       0.63      0.63      0.63        92
   macro avg       0.68      0.62      0.61        92
weighted avg       0.71      0.63      0.63        92
=====================================================
Epoch: 90
[[24  2  1  0]
 [ 4 10  6  0]
 [ 0  1 19  1]
 [ 0  3  9 12]]
OA: 70%
Cohen's kappa: 0.6
              precision    recall  f1-score   support

           0       0.86      0.89      0.87        27
           1       0.62      0.50      0.56        20
           2       0.54      0.90      0.68        21
           3       0.92      0.50      0.65        24

   micro avg       0.71      0.71      0.71        92
   macro avg       0.74      0.70      0.69        92
weighted avg       0.75      0.71      0.70        92
=====================================================
Epoch: 91
[[20  4  1  2]
 [ 3  8  6  3]
 [ 0  2 19  0]
 [ 1  1 10 12]]
OA: 64%
Cohen's kappa: 0.52
              precision    recall  f1-score   support

           0       0.83      0.74      0.78        27
           1       0.53      0.40      0.46        20
           2       0.53      0.90      0.67        21
           3       0.71      0.50      0.59        24

   micro avg       0.64      0.64      0.64        92
   macro avg       0.65      0.64      0.62        92
weighted avg       0.67      0.64      0.63        92
=====================================================
Epoch: 92
[[16  9  1  1]
 [ 2  9  7  2]
 [ 0  1 19  1]
 [ 0  4 10 10]]
OA: 58%
Cohen's kappa: 0.45
              precision    recall  f1-score   support

           0       0.89      0.59      0.71        27
           1       0.39      0.45      0.42        20
           2       0.51      0.90      0.66        21
           3       0.71      0.42      0.53        24

   micro avg       0.59      0.59      0.59        92
   macro avg       0.63      0.59      0.58        92
weighted avg       0.65      0.59      0.59        92
=====================================================
Epoch: 93
[[20  5  1  1]
 [ 3 10  6  1]
 [ 0  1 20  0]
 [ 0  4 10 10]]
OA: 65%
Cohen's kappa: 0.53
              precision    recall  f1-score   support

           0       0.87      0.74      0.80        27
           1       0.50      0.50      0.50        20
           2       0.54      0.95      0.69        21
           3       0.83      0.42      0.56        24

   micro avg       0.65      0.65      0.65        92
   macro avg       0.69      0.65      0.64        92
weighted avg       0.70      0.65      0.65        92
=====================================================
Epoch: 94
[[20  5  1  1]
 [ 3 10  6  1]
 [ 0  1 20  0]
 [ 1  3  7 13]]
OA: 68%
Cohen's kappa: 0.58
              precision    recall  f1-score   support

           0       0.83      0.74      0.78        27
           1       0.53      0.50      0.51        20
           2       0.59      0.95      0.73        21
           3       0.87      0.54      0.67        24

   micro avg       0.68      0.68      0.68        92
   macro avg       0.70      0.68      0.67        92
weighted avg       0.72      0.68      0.68        92
=====================================================
Epoch: 95
[[21  4  1  1]
 [ 3 11  5  1]
 [ 0  2 17  2]
 [ 0  5  5 14]]
OA: 68%
Cohen's kappa: 0.58
              precision    recall  f1-score   support

           0       0.88      0.78      0.82        27
           1       0.50      0.55      0.52        20
           2       0.61      0.81      0.69        21
           3       0.78      0.58      0.67        24

   micro avg       0.68      0.68      0.68        92
   macro avg       0.69      0.68      0.68        92
weighted avg       0.71      0.68      0.69        92
=====================================================
Epoch: 96
[[19  7  0  1]
 [ 2 15  3  0]
 [ 0  7 13  1]
 [ 0  7  5 12]]
OA: 64%
Cohen's kappa: 0.52
              precision    recall  f1-score   support

           0       0.90      0.70      0.79        27
           1       0.42      0.75      0.54        20
           2       0.62      0.62      0.62        21
           3       0.86      0.50      0.63        24

   micro avg       0.64      0.64      0.64        92
   macro avg       0.70      0.64      0.64        92
weighted avg       0.72      0.64      0.65        92
=====================================================
Epoch: 97
[[20  4  1  2]
 [ 3  9  7  1]
 [ 0  1 18  2]
 [ 1  3  8 12]]
OA: 64%
Cohen's kappa: 0.52
              precision    recall  f1-score   support

           0       0.83      0.74      0.78        27
           1       0.53      0.45      0.49        20
           2       0.53      0.86      0.65        21
           3       0.71      0.50      0.59        24

   micro avg       0.64      0.64      0.64        92
   macro avg       0.65      0.64      0.63        92
weighted avg       0.66      0.64      0.64        92
=====================================================
Epoch: 98
[[19  6  1  1]
 [ 3  9  7  1]
 [ 0  1 19  1]
 [ 1  4  9 10]]
OA: 61%
Cohen's kappa: 0.49
              precision    recall  f1-score   support

           0       0.83      0.70      0.76        27
           1       0.45      0.45      0.45        20
           2       0.53      0.90      0.67        21
           3       0.77      0.42      0.54        24

   micro avg       0.62      0.62      0.62        92
   macro avg       0.64      0.62      0.60        92
weighted avg       0.66      0.62      0.61        92
=====================================================
Epoch: 99
[[19  6  1  1]
 [ 3 11  6  0]
 [ 0  2 18  1]
 [ 1  3  9 11]]
OA: 64%
Cohen's kappa: 0.52
              precision    recall  f1-score   support

           0       0.83      0.70      0.76        27
           1       0.50      0.55      0.52        20
           2       0.53      0.86      0.65        21
           3       0.85      0.46      0.59        24

   micro avg       0.64      0.64      0.64        92
   macro avg       0.68      0.64      0.63        92
weighted avg       0.69      0.64      0.64        92
=====================================================
Epoch: 100
[[18  7  1  1]
 [ 2 13  4  1]
 [ 0  5 15  1]
 [ 1  5  5 13]]
OA: 64%
Cohen's kappa: 0.52
              precision    recall  f1-score   support

           0       0.86      0.67      0.75        27
           1       0.43      0.65      0.52        20
           2       0.60      0.71      0.65        21
           3       0.81      0.54      0.65        24

   micro avg       0.64      0.64      0.64        92
   macro avg       0.68      0.64      0.64        92
weighted avg       0.69      0.64      0.65        92
