=====================================================
Epoch: 1
[[ 73  52  19   5]
 [  3 143   1   2]
 [ 11   2 113  23]
 [  9   5  50  85]]
OA: 69%
Cohen's kappa: 0.59
              precision    recall  f1-score   support

           0       0.76      0.49      0.60       149
           1       0.71      0.96      0.81       149
           2       0.62      0.76      0.68       149
           3       0.74      0.57      0.64       149

   micro avg       0.69      0.69      0.69       596
   macro avg       0.71      0.69      0.68       596
weighted avg       0.71      0.69      0.68       596
=====================================================
Epoch: 2
[[ 79  53   0  17]
 [  0 140   0   9]
 [  4   6  54  85]
 [  2   3   3 141]]
OA: 69%
Cohen's kappa: 0.59
              precision    recall  f1-score   support

           0       0.93      0.53      0.68       149
           1       0.69      0.94      0.80       149
           2       0.95      0.36      0.52       149
           3       0.56      0.95      0.70       149

   micro avg       0.69      0.69      0.69       596
   macro avg       0.78      0.69      0.68       596
weighted avg       0.78      0.69      0.68       596
=====================================================
Epoch: 3
[[133   5  10   1]
 [ 26 116   6   1]
 [  4   0 133  12]
 [  2   1  58  88]]
OA: 78%
Cohen's kappa: 0.71
              precision    recall  f1-score   support

           0       0.81      0.89      0.85       149
           1       0.95      0.78      0.86       149
           2       0.64      0.89      0.75       149
           3       0.86      0.59      0.70       149

   micro avg       0.79      0.79      0.79       596
   macro avg       0.82      0.79      0.79       596
weighted avg       0.82      0.79      0.79       596
=====================================================
Epoch: 4
[[126  21   0   2]
 [  8 140   0   1]
 [  8   6 119  16]
 [ 13  13  27  96]]
OA: 80%
Cohen's kappa: 0.74
              precision    recall  f1-score   support

           0       0.81      0.85      0.83       149
           1       0.78      0.94      0.85       149
           2       0.82      0.80      0.81       149
           3       0.83      0.64      0.73       149

   micro avg       0.81      0.81      0.81       596
   macro avg       0.81      0.81      0.80       596
weighted avg       0.81      0.81      0.80       596
=====================================================
Epoch: 5
[[ 85  56   6   2]
 [  2 144   0   3]
 [  2   2 139   6]
 [ 12   3  43  91]]
OA: 77%
Cohen's kappa: 0.69
              precision    recall  f1-score   support

           0       0.84      0.57      0.68       149
           1       0.70      0.97      0.81       149
           2       0.74      0.93      0.82       149
           3       0.89      0.61      0.73       149

   micro avg       0.77      0.77      0.77       596
   macro avg       0.79      0.77      0.76       596
weighted avg       0.79      0.77      0.76       596
=====================================================
Epoch: 6
[[124  17   2   6]
 [  3 145   0   1]
 [  3   0 138   8]
 [  6   2  28 113]]
OA: 87%
Cohen's kappa: 0.82
              precision    recall  f1-score   support

           0       0.91      0.83      0.87       149
           1       0.88      0.97      0.93       149
           2       0.82      0.93      0.87       149
           3       0.88      0.76      0.82       149

   micro avg       0.87      0.87      0.87       596
   macro avg       0.88      0.87      0.87       596
weighted avg       0.88      0.87      0.87       596
=====================================================
Epoch: 7
[[129  10   8   2]
 [  5 137   5   2]
 [  0   0 138  11]
 [  3   2  46  98]]
OA: 84%
Cohen's kappa: 0.78
              precision    recall  f1-score   support

           0       0.94      0.87      0.90       149
           1       0.92      0.92      0.92       149
           2       0.70      0.93      0.80       149
           3       0.87      0.66      0.75       149

   micro avg       0.84      0.84      0.84       596
   macro avg       0.86      0.84      0.84       596
weighted avg       0.86      0.84      0.84       596
=====================================================
Epoch: 8
[[128   4   3  14]
 [ 27 118   1   3]
 [  1   0 137  11]
 [  6   2  41 100]]
OA: 81%
Cohen's kappa: 0.74
              precision    recall  f1-score   support

           0       0.79      0.86      0.82       149
           1       0.95      0.79      0.86       149
           2       0.75      0.92      0.83       149
           3       0.78      0.67      0.72       149

   micro avg       0.81      0.81      0.81       596
   macro avg       0.82      0.81      0.81       596
weighted avg       0.82      0.81      0.81       596
=====================================================
Epoch: 9
[[135   5   7   2]
 [ 22 123   3   1]
 [  5   0 129  15]
 [  8   1  42  98]]
OA: 81%
Cohen's kappa: 0.75
              precision    recall  f1-score   support

           0       0.79      0.91      0.85       149
           1       0.95      0.83      0.88       149
           2       0.71      0.87      0.78       149
           3       0.84      0.66      0.74       149

   micro avg       0.81      0.81      0.81       596
   macro avg       0.83      0.81      0.81       596
weighted avg       0.83      0.81      0.81       596
=====================================================
Epoch: 10
[[145   3   0   1]
 [ 37 110   0   2]
 [  3   2 112  32]
 [ 13   2  14 120]]
OA: 81%
Cohen's kappa: 0.75
              precision    recall  f1-score   support

           0       0.73      0.97      0.84       149
           1       0.94      0.74      0.83       149
           2       0.89      0.75      0.81       149
           3       0.77      0.81      0.79       149

   micro avg       0.82      0.82      0.82       596
   macro avg       0.83      0.82      0.82       596
weighted avg       0.83      0.82      0.82       596
=====================================================
Epoch: 11
[[140   2   1   6]
 [ 18 127   1   3]
 [  5   0 131  13]
 [  7   1  31 110]]
OA: 85%
Cohen's kappa: 0.8
              precision    recall  f1-score   support

           0       0.82      0.94      0.88       149
           1       0.98      0.85      0.91       149
           2       0.80      0.88      0.84       149
           3       0.83      0.74      0.78       149

   micro avg       0.85      0.85      0.85       596
   macro avg       0.86      0.85      0.85       596
weighted avg       0.86      0.85      0.85       596
=====================================================
Epoch: 12
[[136   6   0   7]
 [ 21 127   0   1]
 [  2   0 120  27]
 [  7   2  26 114]]
OA: 83%
Cohen's kappa: 0.77
              precision    recall  f1-score   support

           0       0.82      0.91      0.86       149
           1       0.94      0.85      0.89       149
           2       0.82      0.81      0.81       149
           3       0.77      0.77      0.77       149

   micro avg       0.83      0.83      0.83       596
   macro avg       0.84      0.83      0.83       596
weighted avg       0.84      0.83      0.83       596
=====================================================
Epoch: 13
[[132  15   0   2]
 [  3 144   0   2]
 [  1   0 128  20]
 [  5   3  27 114]]
OA: 86%
Cohen's kappa: 0.82
              precision    recall  f1-score   support

           0       0.94      0.89      0.91       149
           1       0.89      0.97      0.93       149
           2       0.83      0.86      0.84       149
           3       0.83      0.77      0.79       149

   micro avg       0.87      0.87      0.87       596
   macro avg       0.87      0.87      0.87       596
weighted avg       0.87      0.87      0.87       596
=====================================================
Epoch: 14
[[142   3   3   1]
 [ 13 134   1   1]
 [  3   0 138   8]
 [  9   2  38 100]]
OA: 86%
Cohen's kappa: 0.81
              precision    recall  f1-score   support

           0       0.85      0.95      0.90       149
           1       0.96      0.90      0.93       149
           2       0.77      0.93      0.84       149
           3       0.91      0.67      0.77       149

   micro avg       0.86      0.86      0.86       596
   macro avg       0.87      0.86      0.86       596
weighted avg       0.87      0.86      0.86       596
=====================================================
Epoch: 15
[[122  19   5   3]
 [  1 146   1   1]
 [  0   0 137  12]
 [  2   4  36 107]]
OA: 85%
Cohen's kappa: 0.81
              precision    recall  f1-score   support

           0       0.98      0.82      0.89       149
           1       0.86      0.98      0.92       149
           2       0.77      0.92      0.84       149
           3       0.87      0.72      0.79       149

   micro avg       0.86      0.86      0.86       596
   macro avg       0.87      0.86      0.86       596
weighted avg       0.87      0.86      0.86       596
=====================================================
Epoch: 16
[[131  14   1   3]
 [  2 147   0   0]
 [  1   0 139   9]
 [  4   2  33 110]]
OA: 88%
Cohen's kappa: 0.84
              precision    recall  f1-score   support

           0       0.95      0.88      0.91       149
           1       0.90      0.99      0.94       149
           2       0.80      0.93      0.86       149
           3       0.90      0.74      0.81       149

   micro avg       0.88      0.88      0.88       596
   macro avg       0.89      0.88      0.88       596
weighted avg       0.89      0.88      0.88       596
=====================================================
Epoch: 17
[[135   6   0   8]
 [  2 145   1   1]
 [  3   0 126  20]
 [  4   2  25 118]]
OA: 87%
Cohen's kappa: 0.83
              precision    recall  f1-score   support

           0       0.94      0.91      0.92       149
           1       0.95      0.97      0.96       149
           2       0.83      0.85      0.84       149
           3       0.80      0.79      0.80       149

   micro avg       0.88      0.88      0.88       596
   macro avg       0.88      0.88      0.88       596
weighted avg       0.88      0.88      0.88       596
=====================================================
Epoch: 18
[[139   6   2   2]
 [  2 147   0   0]
 [  1   0 129  19]
 [  6   2  33 108]]
OA: 87%
Cohen's kappa: 0.83
              precision    recall  f1-score   support

           0       0.94      0.93      0.94       149
           1       0.95      0.99      0.97       149
           2       0.79      0.87      0.82       149
           3       0.84      0.72      0.78       149

   micro avg       0.88      0.88      0.88       596
   macro avg       0.88      0.88      0.88       596
weighted avg       0.88      0.88      0.88       596
=====================================================
Epoch: 19
[[133   6   4   6]
 [  2 145   0   2]
 [  0   0 148   1]
 [  6   1  53  89]]
OA: 86%
Cohen's kappa: 0.81
              precision    recall  f1-score   support

           0       0.94      0.89      0.92       149
           1       0.95      0.97      0.96       149
           2       0.72      0.99      0.84       149
           3       0.91      0.60      0.72       149

   micro avg       0.86      0.86      0.86       596
   macro avg       0.88      0.86      0.86       596
weighted avg       0.88      0.86      0.86       596
=====================================================
Epoch: 20
[[139   5   0   5]
 [  9 138   0   2]
 [  1   0 138  10]
 [  4   2  32 111]]
OA: 88%
Cohen's kappa: 0.84
              precision    recall  f1-score   support

           0       0.91      0.93      0.92       149
           1       0.95      0.93      0.94       149
           2       0.81      0.93      0.87       149
           3       0.87      0.74      0.80       149

   micro avg       0.88      0.88      0.88       596
   macro avg       0.88      0.88      0.88       596
weighted avg       0.88      0.88      0.88       596
=====================================================
Epoch: 21
[[143   5   0   1]
 [ 19 128   0   2]
 [  1   0 122  26]
 [  7   2  23 117]]
OA: 85%
Cohen's kappa: 0.8
              precision    recall  f1-score   support

           0       0.84      0.96      0.90       149
           1       0.95      0.86      0.90       149
           2       0.84      0.82      0.83       149
           3       0.80      0.79      0.79       149

   micro avg       0.86      0.86      0.86       596
   macro avg       0.86      0.86      0.86       596
weighted avg       0.86      0.86      0.86       596
=====================================================
Epoch: 22
[[139   7   2   1]
 [ 14 134   0   1]
 [  0   0 133  16]
 [  7   1  30 111]]
OA: 86%
Cohen's kappa: 0.82
              precision    recall  f1-score   support

           0       0.87      0.93      0.90       149
           1       0.94      0.90      0.92       149
           2       0.81      0.89      0.85       149
           3       0.86      0.74      0.80       149

   micro avg       0.87      0.87      0.87       596
   macro avg       0.87      0.87      0.87       596
weighted avg       0.87      0.87      0.87       596
=====================================================
Epoch: 23
[[134  12   0   3]
 [  5 142   0   2]
 [  1   0 142   6]
 [  4   2  41 102]]
OA: 87%
Cohen's kappa: 0.82
              precision    recall  f1-score   support

           0       0.93      0.90      0.91       149
           1       0.91      0.95      0.93       149
           2       0.78      0.95      0.86       149
           3       0.90      0.68      0.78       149

   micro avg       0.87      0.87      0.87       596
   macro avg       0.88      0.87      0.87       596
weighted avg       0.88      0.87      0.87       596
=====================================================
Epoch: 24
[[143   3   1   2]
 [ 10 137   0   2]
 [  1   0 138  10]
 [  6   1  35 107]]
OA: 88%
Cohen's kappa: 0.84
              precision    recall  f1-score   support

           0       0.89      0.96      0.93       149
           1       0.97      0.92      0.94       149
           2       0.79      0.93      0.85       149
           3       0.88      0.72      0.79       149

   micro avg       0.88      0.88      0.88       596
   macro avg       0.89      0.88      0.88       596
weighted avg       0.89      0.88      0.88       596
=====================================================
Epoch: 25
[[134   6   0   9]
 [  3 143   0   3]
 [  1   0 137  11]
 [  5   1  32 111]]
OA: 88%
Cohen's kappa: 0.84
              precision    recall  f1-score   support

           0       0.94      0.90      0.92       149
           1       0.95      0.96      0.96       149
           2       0.81      0.92      0.86       149
           3       0.83      0.74      0.78       149

   micro avg       0.88      0.88      0.88       596
   macro avg       0.88      0.88      0.88       596
weighted avg       0.88      0.88      0.88       596
=====================================================
Epoch: 26
[[126  17   3   3]
 [  4 142   3   0]
 [  0   0 132  17]
 [  6   2  30 111]]
OA: 85%
Cohen's kappa: 0.8
              precision    recall  f1-score   support

           0       0.93      0.85      0.88       149
           1       0.88      0.95      0.92       149
           2       0.79      0.89      0.83       149
           3       0.85      0.74      0.79       149

   micro avg       0.86      0.86      0.86       596
   macro avg       0.86      0.86      0.86       596
weighted avg       0.86      0.86      0.86       596
=====================================================
Epoch: 27
[[132  11   4   2]
 [  2 145   0   2]
 [  0   0 132  17]
 [  3   3  35 108]]
OA: 86%
Cohen's kappa: 0.82
              precision    recall  f1-score   support

           0       0.96      0.89      0.92       149
           1       0.91      0.97      0.94       149
           2       0.77      0.89      0.83       149
           3       0.84      0.72      0.78       149

   micro avg       0.87      0.87      0.87       596
   macro avg       0.87      0.87      0.87       596
weighted avg       0.87      0.87      0.87       596
=====================================================
Epoch: 28
[[139   4   4   2]
 [  6 141   0   2]
 [  1   0 142   6]
 [  6   1  39 103]]
OA: 88%
Cohen's kappa: 0.84
              precision    recall  f1-score   support

           0       0.91      0.93      0.92       149
           1       0.97      0.95      0.96       149
           2       0.77      0.95      0.85       149
           3       0.91      0.69      0.79       149

   micro avg       0.88      0.88      0.88       596
   macro avg       0.89      0.88      0.88       596
weighted avg       0.89      0.88      0.88       596
=====================================================
Epoch: 29
[[137   8   1   3]
 [  3 146   0   0]
 [  1   0 131  17]
 [  7   2  32 108]]
OA: 87%
Cohen's kappa: 0.83
              precision    recall  f1-score   support

           0       0.93      0.92      0.92       149
           1       0.94      0.98      0.96       149
           2       0.80      0.88      0.84       149
           3       0.84      0.72      0.78       149

   micro avg       0.88      0.88      0.88       596
   macro avg       0.88      0.88      0.87       596
weighted avg       0.88      0.88      0.87       596
=====================================================
Epoch: 30
[[141   4   2   2]
 [  3 144   0   2]
 [  1   0 126  22]
 [  6   1  26 116]]
OA: 88%
Cohen's kappa: 0.84
              precision    recall  f1-score   support

           0       0.93      0.95      0.94       149
           1       0.97      0.97      0.97       149
           2       0.82      0.85      0.83       149
           3       0.82      0.78      0.80       149

   micro avg       0.88      0.88      0.88       596
   macro avg       0.88      0.88      0.88       596
weighted avg       0.88      0.88      0.88       596
=====================================================
Epoch: 31
[[133   6   7   3]
 [  2 147   0   0]
 [  0   0 140   9]
 [  6   1  37 105]]
OA: 88%
Cohen's kappa: 0.84
              precision    recall  f1-score   support

           0       0.94      0.89      0.92       149
           1       0.95      0.99      0.97       149
           2       0.76      0.94      0.84       149
           3       0.90      0.70      0.79       149

   micro avg       0.88      0.88      0.88       596
   macro avg       0.89      0.88      0.88       596
weighted avg       0.89      0.88      0.88       596
=====================================================
Epoch: 32
[[138   7   3   1]
 [  4 145   0   0]
 [  1   0 138  10]
 [  7   1  33 108]]
OA: 88%
Cohen's kappa: 0.85
              precision    recall  f1-score   support

           0       0.92      0.93      0.92       149
           1       0.95      0.97      0.96       149
           2       0.79      0.93      0.85       149
           3       0.91      0.72      0.81       149

   micro avg       0.89      0.89      0.89       596
   macro avg       0.89      0.89      0.89       596
weighted avg       0.89      0.89      0.89       596
=====================================================
Epoch: 33
[[136   4   5   4]
 [  6 143   0   0]
 [  1   0 130  18]
 [  7   1  32 109]]
OA: 86%
Cohen's kappa: 0.82
              precision    recall  f1-score   support

           0       0.91      0.91      0.91       149
           1       0.97      0.96      0.96       149
           2       0.78      0.87      0.82       149
           3       0.83      0.73      0.78       149

   micro avg       0.87      0.87      0.87       596
   macro avg       0.87      0.87      0.87       596
weighted avg       0.87      0.87      0.87       596
=====================================================
Epoch: 34
[[133   7   2   7]
 [  4 145   0   0]
 [  0   0 137  12]
 [  6   2  35 106]]
OA: 87%
Cohen's kappa: 0.83
              precision    recall  f1-score   support

           0       0.93      0.89      0.91       149
           1       0.94      0.97      0.96       149
           2       0.79      0.92      0.85       149
           3       0.85      0.71      0.77       149

   micro avg       0.87      0.87      0.87       596
   macro avg       0.88      0.87      0.87       596
weighted avg       0.88      0.87      0.87       596
=====================================================
Epoch: 35
[[141   4   2   2]
 [  8 139   0   2]
 [  0   0 125  24]
 [  7   1  26 115]]
OA: 87%
Cohen's kappa: 0.82
              precision    recall  f1-score   support

           0       0.90      0.95      0.92       149
           1       0.97      0.93      0.95       149
           2       0.82      0.84      0.83       149
           3       0.80      0.77      0.79       149

   micro avg       0.87      0.87      0.87       596
   macro avg       0.87      0.87      0.87       596
weighted avg       0.87      0.87      0.87       596
=====================================================
Epoch: 36
[[135   4   5   5]
 [  4 144   0   1]
 [  0   0 140   9]
 [  5   1  41 102]]
OA: 87%
Cohen's kappa: 0.83
              precision    recall  f1-score   support

           0       0.94      0.91      0.92       149
           1       0.97      0.97      0.97       149
           2       0.75      0.94      0.84       149
           3       0.87      0.68      0.77       149

   micro avg       0.87      0.87      0.87       596
   macro avg       0.88      0.87      0.87       596
weighted avg       0.88      0.87      0.87       596
=====================================================
Epoch: 37
[[137   6   3   3]
 [  2 145   0   2]
 [  0   0 128  21]
 [  5   2  29 113]]
OA: 87%
Cohen's kappa: 0.83
              precision    recall  f1-score   support

           0       0.95      0.92      0.94       149
           1       0.95      0.97      0.96       149
           2       0.80      0.86      0.83       149
           3       0.81      0.76      0.78       149

   micro avg       0.88      0.88      0.88       596
   macro avg       0.88      0.88      0.88       596
weighted avg       0.88      0.88      0.88       596
=====================================================
Epoch: 38
[[132   6   1  10]
 [  6 142   0   1]
 [  0   0 138  11]
 [  5   2  32 110]]
OA: 87%
Cohen's kappa: 0.83
              precision    recall  f1-score   support

           0       0.92      0.89      0.90       149
           1       0.95      0.95      0.95       149
           2       0.81      0.93      0.86       149
           3       0.83      0.74      0.78       149

   micro avg       0.88      0.88      0.88       596
   macro avg       0.88      0.88      0.87       596
weighted avg       0.88      0.88      0.87       596
=====================================================
Epoch: 39
[[134   7   0   8]
 [  2 146   0   1]
 [  0   0 139  10]
 [  6   1  33 109]]
OA: 88%
Cohen's kappa: 0.84
              precision    recall  f1-score   support

           0       0.94      0.90      0.92       149
           1       0.95      0.98      0.96       149
           2       0.81      0.93      0.87       149
           3       0.85      0.73      0.79       149

   micro avg       0.89      0.89      0.89       596
   macro avg       0.89      0.89      0.88       596
weighted avg       0.89      0.89      0.88       596
=====================================================
Epoch: 40
[[130   5   5   9]
 [ 11 137   0   1]
 [  0   0 142   7]
 [  6   1  41 101]]
OA: 85%
Cohen's kappa: 0.8
              precision    recall  f1-score   support

           0       0.88      0.87      0.88       149
           1       0.96      0.92      0.94       149
           2       0.76      0.95      0.84       149
           3       0.86      0.68      0.76       149

   micro avg       0.86      0.86      0.86       596
   macro avg       0.86      0.86      0.85       596
weighted avg       0.86      0.86      0.85       596
=====================================================
Epoch: 41
[[133  10   1   5]
 [  4 145   0   0]
 [  0   0 137  12]
 [  5   2  39 103]]
OA: 86%
Cohen's kappa: 0.82
              precision    recall  f1-score   support

           0       0.94      0.89      0.91       149
           1       0.92      0.97      0.95       149
           2       0.77      0.92      0.84       149
           3       0.86      0.69      0.77       149

   micro avg       0.87      0.87      0.87       596
   macro avg       0.87      0.87      0.87       596
weighted avg       0.87      0.87      0.87       596
=====================================================
Epoch: 42
[[132  13   0   4]
 [  2 147   0   0]
 [  0   0 133  16]
 [  6   2  30 111]]
OA: 87%
Cohen's kappa: 0.83
              precision    recall  f1-score   support

           0       0.94      0.89      0.91       149
           1       0.91      0.99      0.95       149
           2       0.82      0.89      0.85       149
           3       0.85      0.74      0.79       149

   micro avg       0.88      0.88      0.88       596
   macro avg       0.88      0.88      0.88       596
weighted avg       0.88      0.88      0.88       596
=====================================================
Epoch: 43
[[136   8   0   5]
 [  4 144   0   1]
 [  0   0 137  12]
 [  5   2  39 103]]
OA: 87%
Cohen's kappa: 0.82
              precision    recall  f1-score   support

           0       0.94      0.91      0.93       149
           1       0.94      0.97      0.95       149
           2       0.78      0.92      0.84       149
           3       0.85      0.69      0.76       149

   micro avg       0.87      0.87      0.87       596
   macro avg       0.88      0.87      0.87       596
weighted avg       0.88      0.87      0.87       596
=====================================================
Epoch: 44
[[133   4   2  10]
 [  5 143   0   1]
 [  0   0 131  18]
 [  4   2  30 113]]
OA: 87%
Cohen's kappa: 0.82
              precision    recall  f1-score   support

           0       0.94      0.89      0.91       149
           1       0.96      0.96      0.96       149
           2       0.80      0.88      0.84       149
           3       0.80      0.76      0.78       149

   micro avg       0.87      0.87      0.87       596
   macro avg       0.87      0.87      0.87       596
weighted avg       0.87      0.87      0.87       596
=====================================================
Epoch: 45
[[134   7   0   8]
 [  3 145   0   1]
 [  0   0 131  18]
 [  7   1  29 112]]
OA: 87%
Cohen's kappa: 0.83
              precision    recall  f1-score   support

           0       0.93      0.90      0.91       149
           1       0.95      0.97      0.96       149
           2       0.82      0.88      0.85       149
           3       0.81      0.75      0.78       149

   micro avg       0.88      0.88      0.88       596
   macro avg       0.88      0.88      0.88       596
weighted avg       0.88      0.88      0.88       596
=====================================================
Epoch: 46
[[132   5   1  11]
 [  4 143   1   1]
 [  0   0 136  13]
 [  4   1  34 110]]
OA: 87%
Cohen's kappa: 0.83
              precision    recall  f1-score   support

           0       0.94      0.89      0.91       149
           1       0.96      0.96      0.96       149
           2       0.79      0.91      0.85       149
           3       0.81      0.74      0.77       149

   micro avg       0.87      0.87      0.87       596
   macro avg       0.88      0.87      0.87       596
weighted avg       0.88      0.87      0.87       596
=====================================================
Epoch: 47
[[132   8   1   8]
 [  2 145   1   1]
 [  0   0 139  10]
 [  5   1  36 107]]
OA: 87%
Cohen's kappa: 0.83
              precision    recall  f1-score   support

           0       0.95      0.89      0.92       149
           1       0.94      0.97      0.96       149
           2       0.79      0.93      0.85       149
           3       0.85      0.72      0.78       149

   micro avg       0.88      0.88      0.88       596
   macro avg       0.88      0.88      0.88       596
weighted avg       0.88      0.88      0.88       596
=====================================================
Epoch: 48
[[133   9   0   7]
 [  2 146   0   1]
 [  0   0 136  13]
 [  6   1  35 107]]
OA: 87%
Cohen's kappa: 0.83
              precision    recall  f1-score   support

           0       0.94      0.89      0.92       149
           1       0.94      0.98      0.96       149
           2       0.80      0.91      0.85       149
           3       0.84      0.72      0.77       149

   micro avg       0.88      0.88      0.88       596
   macro avg       0.88      0.88      0.87       596
weighted avg       0.88      0.88      0.87       596
=====================================================
Epoch: 49
[[135   7   1   6]
 [  2 146   0   1]
 [  0   0 138  11]
 [  5   1  38 105]]
OA: 87%
Cohen's kappa: 0.83
              precision    recall  f1-score   support

           0       0.95      0.91      0.93       149
           1       0.95      0.98      0.96       149
           2       0.78      0.93      0.85       149
           3       0.85      0.70      0.77       149

   micro avg       0.88      0.88      0.88       596
   macro avg       0.88      0.88      0.88       596
weighted avg       0.88      0.88      0.88       596
=====================================================
Epoch: 50
[[133   7   2   7]
 [  1 147   0   1]
 [  0   0 139  10]
 [  5   1  39 104]]
OA: 87%
Cohen's kappa: 0.83
              precision    recall  f1-score   support

           0       0.96      0.89      0.92       149
           1       0.95      0.99      0.97       149
           2       0.77      0.93      0.84       149
           3       0.85      0.70      0.77       149

   micro avg       0.88      0.88      0.88       596
   macro avg       0.88      0.88      0.88       596
weighted avg       0.88      0.88      0.88       596
=====================================================
Epoch: 51
[[134   8   1   6]
 [  1 147   0   1]
 [  0   0 139  10]
 [  5   1  35 108]]
OA: 88%
Cohen's kappa: 0.84
              precision    recall  f1-score   support

           0       0.96      0.90      0.93       149
           1       0.94      0.99      0.96       149
           2       0.79      0.93      0.86       149
           3       0.86      0.72      0.79       149

   micro avg       0.89      0.89      0.89       596
   macro avg       0.89      0.89      0.88       596
weighted avg       0.89      0.89      0.88       596
=====================================================
Epoch: 52
[[132   5   1  11]
 [  5 142   1   1]
 [  0   0 136  13]
 [  5   1  35 108]]
OA: 86%
Cohen's kappa: 0.82
              precision    recall  f1-score   support

           0       0.93      0.89      0.91       149
           1       0.96      0.95      0.96       149
           2       0.79      0.91      0.84       149
           3       0.81      0.72      0.77       149

   micro avg       0.87      0.87      0.87       596
   macro avg       0.87      0.87      0.87       596
weighted avg       0.87      0.87      0.87       596
=====================================================
Epoch: 53
[[132   5   4   8]
 [  3 146   0   0]
 [  0   0 140   9]
 [  5   1  37 106]]
OA: 87%
Cohen's kappa: 0.83
              precision    recall  f1-score   support

           0       0.94      0.89      0.91       149
           1       0.96      0.98      0.97       149
           2       0.77      0.94      0.85       149
           3       0.86      0.71      0.78       149

   micro avg       0.88      0.88      0.88       596
   macro avg       0.88      0.88      0.88       596
weighted avg       0.88      0.88      0.88       596
=====================================================
Epoch: 54
[[132   8   1   8]
 [  2 146   0   1]
 [  0   0 133  16]
 [  5   1  36 107]]
OA: 86%
Cohen's kappa: 0.82
              precision    recall  f1-score   support

           0       0.95      0.89      0.92       149
           1       0.94      0.98      0.96       149
           2       0.78      0.89      0.83       149
           3       0.81      0.72      0.76       149

   micro avg       0.87      0.87      0.87       596
   macro avg       0.87      0.87      0.87       596
weighted avg       0.87      0.87      0.87       596
=====================================================
Epoch: 55
[[130   5   3  11]
 [  3 145   0   1]
 [  0   0 139  10]
 [  5   1  39 104]]
OA: 86%
Cohen's kappa: 0.82
              precision    recall  f1-score   support

           0       0.94      0.87      0.91       149
           1       0.96      0.97      0.97       149
           2       0.77      0.93      0.84       149
           3       0.83      0.70      0.76       149

   micro avg       0.87      0.87      0.87       596
   macro avg       0.87      0.87      0.87       596
weighted avg       0.87      0.87      0.87       596
=====================================================
Epoch: 56
[[132   9   1   7]
 [  3 145   0   1]
 [  0   0 138  11]
 [  5   1  43 100]]
OA: 86%
Cohen's kappa: 0.81
              precision    recall  f1-score   support

           0       0.94      0.89      0.91       149
           1       0.94      0.97      0.95       149
           2       0.76      0.93      0.83       149
           3       0.84      0.67      0.75       149

   micro avg       0.86      0.86      0.86       596
   macro avg       0.87      0.86      0.86       596
weighted avg       0.87      0.86      0.86       596
=====================================================
Epoch: 57
[[133   7   3   6]
 [  4 143   1   1]
 [  0   0 140   9]
 [  5   1  40 103]]
OA: 87%
Cohen's kappa: 0.82
              precision    recall  f1-score   support

           0       0.94      0.89      0.91       149
           1       0.95      0.96      0.95       149
           2       0.76      0.94      0.84       149
           3       0.87      0.69      0.77       149

   micro avg       0.87      0.87      0.87       596
   macro avg       0.88      0.87      0.87       596
weighted avg       0.88      0.87      0.87       596
=====================================================
Epoch: 58
[[132   5   1  11]
 [  4 144   0   1]
 [  0   0 135  14]
 [  5   1  38 105]]
OA: 86%
Cohen's kappa: 0.82
              precision    recall  f1-score   support

           0       0.94      0.89      0.91       149
           1       0.96      0.97      0.96       149
           2       0.78      0.91      0.84       149
           3       0.80      0.70      0.75       149

   micro avg       0.87      0.87      0.87       596
   macro avg       0.87      0.87      0.86       596
weighted avg       0.87      0.87      0.86       596
=====================================================
Epoch: 59
[[132   5   3   9]
 [  3 145   0   1]
 [  0   0 136  13]
 [  5   1  36 107]]
OA: 87%
Cohen's kappa: 0.82
              precision    recall  f1-score   support

           0       0.94      0.89      0.91       149
           1       0.96      0.97      0.97       149
           2       0.78      0.91      0.84       149
           3       0.82      0.72      0.77       149

   micro avg       0.87      0.87      0.87       596
   macro avg       0.88      0.87      0.87       596
weighted avg       0.88      0.87      0.87       596
=====================================================
Epoch: 60
[[131   7   2   9]
 [  4 144   0   1]
 [  0   0 136  13]
 [  5   1  34 109]]
OA: 87%
Cohen's kappa: 0.82
              precision    recall  f1-score   support

           0       0.94      0.88      0.91       149
           1       0.95      0.97      0.96       149
           2       0.79      0.91      0.85       149
           3       0.83      0.73      0.78       149

   micro avg       0.87      0.87      0.87       596
   macro avg       0.87      0.87      0.87       596
weighted avg       0.87      0.87      0.87       596
=====================================================
Epoch: 61
[[130   7   2  10]
 [  1 147   0   1]
 [  0   0 137  12]
 [  5   1  37 106]]
OA: 87%
Cohen's kappa: 0.82
              precision    recall  f1-score   support

           0       0.96      0.87      0.91       149
           1       0.95      0.99      0.97       149
           2       0.78      0.92      0.84       149
           3       0.82      0.71      0.76       149

   micro avg       0.87      0.87      0.87       596
   macro avg       0.88      0.87      0.87       596
weighted avg       0.88      0.87      0.87       596
=====================================================
Epoch: 62
[[132   5   3   9]
 [  3 145   0   1]
 [  0   0 138  11]
 [  5   1  39 104]]
OA: 87%
Cohen's kappa: 0.82
              precision    recall  f1-score   support

           0       0.94      0.89      0.91       149
           1       0.96      0.97      0.97       149
           2       0.77      0.93      0.84       149
           3       0.83      0.70      0.76       149

   micro avg       0.87      0.87      0.87       596
   macro avg       0.88      0.87      0.87       596
weighted avg       0.88      0.87      0.87       596
=====================================================
Epoch: 63
[[137   5   2   5]
 [  4 144   0   1]
 [  0   0 137  12]
 [  6   1  30 112]]
OA: 88%
Cohen's kappa: 0.85
              precision    recall  f1-score   support

           0       0.93      0.92      0.93       149
           1       0.96      0.97      0.96       149
           2       0.81      0.92      0.86       149
           3       0.86      0.75      0.80       149

   micro avg       0.89      0.89      0.89       596
   macro avg       0.89      0.89      0.89       596
weighted avg       0.89      0.89      0.89       596
=====================================================
Epoch: 64
[[132   7   1   9]
 [  4 144   0   1]
 [  0   0 138  11]
 [  6   1  36 106]]
OA: 87%
Cohen's kappa: 0.82
              precision    recall  f1-score   support

           0       0.93      0.89      0.91       149
           1       0.95      0.97      0.96       149
           2       0.79      0.93      0.85       149
           3       0.83      0.71      0.77       149

   micro avg       0.87      0.87      0.87       596
   macro avg       0.88      0.87      0.87       596
weighted avg       0.88      0.87      0.87       596
=====================================================
Epoch: 65
[[131   7   1  10]
 [  4 144   0   1]
 [  0   0 137  12]
 [  6   1  36 106]]
OA: 86%
Cohen's kappa: 0.82
              precision    recall  f1-score   support

           0       0.93      0.88      0.90       149
           1       0.95      0.97      0.96       149
           2       0.79      0.92      0.85       149
           3       0.82      0.71      0.76       149

   micro avg       0.87      0.87      0.87       596
   macro avg       0.87      0.87      0.87       596
weighted avg       0.87      0.87      0.87       596
=====================================================
Epoch: 66
[[130   6   3  10]
 [  4 144   0   1]
 [  0   0 138  11]
 [  4   1  35 109]]
OA: 87%
Cohen's kappa: 0.83
              precision    recall  f1-score   support

           0       0.94      0.87      0.91       149
           1       0.95      0.97      0.96       149
           2       0.78      0.93      0.85       149
           3       0.83      0.73      0.78       149

   micro avg       0.87      0.87      0.87       596
   macro avg       0.88      0.87      0.87       596
weighted avg       0.88      0.87      0.87       596
=====================================================
Epoch: 67
[[130   6   3  10]
 [  4 144   0   1]
 [  0   0 139  10]
 [  5   1  40 103]]
OA: 86%
Cohen's kappa: 0.82
              precision    recall  f1-score   support

           0       0.94      0.87      0.90       149
           1       0.95      0.97      0.96       149
           2       0.76      0.93      0.84       149
           3       0.83      0.69      0.75       149

   micro avg       0.87      0.87      0.87       596
   macro avg       0.87      0.87      0.86       596
weighted avg       0.87      0.87      0.86       596
=====================================================
Epoch: 68
[[130   7   2  10]
 [  2 146   0   1]
 [  0   0 139  10]
 [  4   1  38 106]]
OA: 87%
Cohen's kappa: 0.83
              precision    recall  f1-score   support

           0       0.96      0.87      0.91       149
           1       0.95      0.98      0.96       149
           2       0.78      0.93      0.85       149
           3       0.83      0.71      0.77       149

   micro avg       0.87      0.87      0.87       596
   macro avg       0.88      0.87      0.87       596
weighted avg       0.88      0.87      0.87       596
=====================================================
Epoch: 69
[[131   6   1  11]
 [  4 144   0   1]
 [  0   0 138  11]
 [  5   1  37 106]]
OA: 87%
Cohen's kappa: 0.82
              precision    recall  f1-score   support

           0       0.94      0.88      0.91       149
           1       0.95      0.97      0.96       149
           2       0.78      0.93      0.85       149
           3       0.82      0.71      0.76       149

   micro avg       0.87      0.87      0.87       596
   macro avg       0.87      0.87      0.87       596
weighted avg       0.87      0.87      0.87       596
=====================================================
Epoch: 70
[[130   6   2  11]
 [  4 144   0   1]
 [  0   0 138  11]
 [  4   1  38 106]]
OA: 86%
Cohen's kappa: 0.82
              precision    recall  f1-score   support

           0       0.94      0.87      0.91       149
           1       0.95      0.97      0.96       149
           2       0.78      0.93      0.84       149
           3       0.82      0.71      0.76       149

   micro avg       0.87      0.87      0.87       596
   macro avg       0.87      0.87      0.87       596
weighted avg       0.87      0.87      0.87       596
=====================================================
Epoch: 71
[[131   6   1  11]
 [  4 144   0   1]
 [  0   0 138  11]
 [  5   1  34 109]]
OA: 87%
Cohen's kappa: 0.83
              precision    recall  f1-score   support

           0       0.94      0.88      0.91       149
           1       0.95      0.97      0.96       149
           2       0.80      0.93      0.86       149
           3       0.83      0.73      0.78       149

   micro avg       0.88      0.88      0.88       596
   macro avg       0.88      0.88      0.87       596
weighted avg       0.88      0.88      0.87       596
=====================================================
Epoch: 72
[[130   6   2  11]
 [  4 144   0   1]
 [  0   0 138  11]
 [  5   1  36 107]]
OA: 87%
Cohen's kappa: 0.82
              precision    recall  f1-score   support

           0       0.94      0.87      0.90       149
           1       0.95      0.97      0.96       149
           2       0.78      0.93      0.85       149
           3       0.82      0.72      0.77       149

   micro avg       0.87      0.87      0.87       596
   macro avg       0.87      0.87      0.87       596
weighted avg       0.87      0.87      0.87       596
=====================================================
Epoch: 73
[[131   7   1  10]
 [  2 146   0   1]
 [  0   0 137  12]
 [  5   1  33 110]]
OA: 87%
Cohen's kappa: 0.83
              precision    recall  f1-score   support

           0       0.95      0.88      0.91       149
           1       0.95      0.98      0.96       149
           2       0.80      0.92      0.86       149
           3       0.83      0.74      0.78       149

   micro avg       0.88      0.88      0.88       596
   macro avg       0.88      0.88      0.88       596
weighted avg       0.88      0.88      0.88       596
=====================================================
Epoch: 74
[[130   9   1   9]
 [  3 145   0   1]
 [  0   0 138  11]
 [  6   1  34 108]]
OA: 87%
Cohen's kappa: 0.83
              precision    recall  f1-score   support

           0       0.94      0.87      0.90       149
           1       0.94      0.97      0.95       149
           2       0.80      0.93      0.86       149
           3       0.84      0.72      0.78       149

   micro avg       0.87      0.87      0.87       596
   macro avg       0.88      0.87      0.87       596
weighted avg       0.88      0.87      0.87       596
=====================================================
Epoch: 75
[[133   6   2   8]
 [  4 144   0   1]
 [  0   0 138  11]
 [  6   1  34 108]]
OA: 87%
Cohen's kappa: 0.83
              precision    recall  f1-score   support

           0       0.93      0.89      0.91       149
           1       0.95      0.97      0.96       149
           2       0.79      0.93      0.85       149
           3       0.84      0.72      0.78       149

   micro avg       0.88      0.88      0.88       596
   macro avg       0.88      0.88      0.88       596
weighted avg       0.88      0.88      0.88       596
=====================================================
Epoch: 76
[[132   7   3   7]
 [  4 144   0   1]
 [  0   0 138  11]
 [  6   1  39 103]]
OA: 86%
Cohen's kappa: 0.82
              precision    recall  f1-score   support

           0       0.93      0.89      0.91       149
           1       0.95      0.97      0.96       149
           2       0.77      0.93      0.84       149
           3       0.84      0.69      0.76       149

   micro avg       0.87      0.87      0.87       596
   macro avg       0.87      0.87      0.87       596
weighted avg       0.87      0.87      0.87       596
=====================================================
Epoch: 77
[[133   7   3   6]
 [  4 144   0   1]
 [  0   0 138  11]
 [  6   1  38 104]]
OA: 87%
Cohen's kappa: 0.82
              precision    recall  f1-score   support

           0       0.93      0.89      0.91       149
           1       0.95      0.97      0.96       149
           2       0.77      0.93      0.84       149
           3       0.85      0.70      0.77       149

   micro avg       0.87      0.87      0.87       596
   macro avg       0.88      0.87      0.87       596
weighted avg       0.88      0.87      0.87       596
=====================================================
Epoch: 78
[[132   7   4   6]
 [  3 145   0   1]
 [  0   0 139  10]
 [  6   1  38 104]]
OA: 87%
Cohen's kappa: 0.82
              precision    recall  f1-score   support

           0       0.94      0.89      0.91       149
           1       0.95      0.97      0.96       149
           2       0.77      0.93      0.84       149
           3       0.86      0.70      0.77       149

   micro avg       0.87      0.87      0.87       596
   macro avg       0.88      0.87      0.87       596
weighted avg       0.88      0.87      0.87       596
=====================================================
Epoch: 79
[[129   7   5   8]
 [  4 144   0   1]
 [  0   0 139  10]
 [  6   1  36 106]]
OA: 86%
Cohen's kappa: 0.82
              precision    recall  f1-score   support

           0       0.93      0.87      0.90       149
           1       0.95      0.97      0.96       149
           2       0.77      0.93      0.84       149
           3       0.85      0.71      0.77       149

   micro avg       0.87      0.87      0.87       596
   macro avg       0.87      0.87      0.87       596
weighted avg       0.87      0.87      0.87       596
=====================================================
Epoch: 80
[[126   8   4  11]
 [  4 144   0   1]
 [  0   0 140   9]
 [  5   1  41 102]]
OA: 85%
Cohen's kappa: 0.81
              precision    recall  f1-score   support

           0       0.93      0.85      0.89       149
           1       0.94      0.97      0.95       149
           2       0.76      0.94      0.84       149
           3       0.83      0.68      0.75       149

   micro avg       0.86      0.86      0.86       596
   macro avg       0.87      0.86      0.86       596
weighted avg       0.87      0.86      0.86       596
=====================================================
Epoch: 81
[[133   6   1   9]
 [  4 144   0   1]
 [  0   0 140   9]
 [  6   1  37 105]]
OA: 87%
Cohen's kappa: 0.83
              precision    recall  f1-score   support

           0       0.93      0.89      0.91       149
           1       0.95      0.97      0.96       149
           2       0.79      0.94      0.86       149
           3       0.85      0.70      0.77       149

   micro avg       0.88      0.88      0.88       596
   macro avg       0.88      0.88      0.87       596
weighted avg       0.88      0.88      0.87       596
=====================================================
Epoch: 82
[[131   6   1  11]
 [  4 144   0   1]
 [  0   0 138  11]
 [  6   1  35 107]]
OA: 87%
Cohen's kappa: 0.82
              precision    recall  f1-score   support

           0       0.93      0.88      0.90       149
           1       0.95      0.97      0.96       149
           2       0.79      0.93      0.85       149
           3       0.82      0.72      0.77       149

   micro avg       0.87      0.87      0.87       596
   macro avg       0.87      0.87      0.87       596
weighted avg       0.87      0.87      0.87       596
=====================================================
Epoch: 83
[[131   7   1  10]
 [  4 144   0   1]
 [  0   0 138  11]
 [  6   1  37 105]]
OA: 86%
Cohen's kappa: 0.82
              precision    recall  f1-score   support

           0       0.93      0.88      0.90       149
           1       0.95      0.97      0.96       149
           2       0.78      0.93      0.85       149
           3       0.83      0.70      0.76       149

   micro avg       0.87      0.87      0.87       596
   macro avg       0.87      0.87      0.87       596
weighted avg       0.87      0.87      0.87       596
=====================================================
Epoch: 84
[[131   7   1  10]
 [  4 144   0   1]
 [  0   0 139  10]
 [  5   1  37 106]]
OA: 87%
Cohen's kappa: 0.82
              precision    recall  f1-score   support

           0       0.94      0.88      0.91       149
           1       0.95      0.97      0.96       149
           2       0.79      0.93      0.85       149
           3       0.83      0.71      0.77       149

   micro avg       0.87      0.87      0.87       596
   macro avg       0.88      0.87      0.87       596
weighted avg       0.88      0.87      0.87       596
=====================================================
Epoch: 85
[[132   7   0  10]
 [  4 144   0   1]
 [  0   0 138  11]
 [  6   1  33 109]]
OA: 87%
Cohen's kappa: 0.83
              precision    recall  f1-score   support

           0       0.93      0.89      0.91       149
           1       0.95      0.97      0.96       149
           2       0.81      0.93      0.86       149
           3       0.83      0.73      0.78       149

   micro avg       0.88      0.88      0.88       596
   macro avg       0.88      0.88      0.88       596
weighted avg       0.88      0.88      0.88       596
=====================================================
Epoch: 86
[[132   6   1  10]
 [  4 144   0   1]
 [  0   0 139  10]
 [  6   1  36 106]]
OA: 87%
Cohen's kappa: 0.83
              precision    recall  f1-score   support

           0       0.93      0.89      0.91       149
           1       0.95      0.97      0.96       149
           2       0.79      0.93      0.86       149
           3       0.83      0.71      0.77       149

   micro avg       0.87      0.87      0.87       596
   macro avg       0.88      0.87      0.87       596
weighted avg       0.88      0.87      0.87       596
=====================================================
Epoch: 87
[[133   7   1   8]
 [  3 145   0   1]
 [  0   0 139  10]
 [  6   1  36 106]]
OA: 87%
Cohen's kappa: 0.83
              precision    recall  f1-score   support

           0       0.94      0.89      0.91       149
           1       0.95      0.97      0.96       149
           2       0.79      0.93      0.86       149
           3       0.85      0.71      0.77       149

   micro avg       0.88      0.88      0.88       596
   macro avg       0.88      0.88      0.88       596
weighted avg       0.88      0.88      0.88       596
=====================================================
Epoch: 88
[[129   7   2  11]
 [  3 145   0   1]
 [  0   0 140   9]
 [  5   1  37 106]]
OA: 87%
Cohen's kappa: 0.82
              precision    recall  f1-score   support

           0       0.94      0.87      0.90       149
           1       0.95      0.97      0.96       149
           2       0.78      0.94      0.85       149
           3       0.83      0.71      0.77       149

   micro avg       0.87      0.87      0.87       596
   macro avg       0.88      0.87      0.87       596
weighted avg       0.88      0.87      0.87       596
=====================================================
Epoch: 89
[[130   7   3   9]
 [  3 145   0   1]
 [  0   0 140   9]
 [  5   1  37 106]]
OA: 87%
Cohen's kappa: 0.83
              precision    recall  f1-score   support

           0       0.94      0.87      0.91       149
           1       0.95      0.97      0.96       149
           2       0.78      0.94      0.85       149
           3       0.85      0.71      0.77       149

   micro avg       0.87      0.87      0.87       596
   macro avg       0.88      0.87      0.87       596
weighted avg       0.88      0.87      0.87       596
=====================================================
Epoch: 90
[[130   7   2  10]
 [  4 144   0   1]
 [  0   0 139  10]
 [  6   1  37 105]]
OA: 86%
Cohen's kappa: 0.82
              precision    recall  f1-score   support

           0       0.93      0.87      0.90       149
           1       0.95      0.97      0.96       149
           2       0.78      0.93      0.85       149
           3       0.83      0.70      0.76       149

   micro avg       0.87      0.87      0.87       596
   macro avg       0.87      0.87      0.87       596
weighted avg       0.87      0.87      0.87       596
=====================================================
Epoch: 91
[[129   7   3  10]
 [  3 145   0   1]
 [  0   0 138  11]
 [  5   1  36 107]]
OA: 87%
Cohen's kappa: 0.82
              precision    recall  f1-score   support

           0       0.94      0.87      0.90       149
           1       0.95      0.97      0.96       149
           2       0.78      0.93      0.85       149
           3       0.83      0.72      0.77       149

   micro avg       0.87      0.87      0.87       596
   macro avg       0.87      0.87      0.87       596
weighted avg       0.87      0.87      0.87       596
=====================================================
Epoch: 92
[[129   7   4   9]
 [  3 145   0   1]
 [  0   0 138  11]
 [  4   1  38 106]]
OA: 86%
Cohen's kappa: 0.82
              precision    recall  f1-score   support

           0       0.95      0.87      0.91       149
           1       0.95      0.97      0.96       149
           2       0.77      0.93      0.84       149
           3       0.83      0.71      0.77       149

   micro avg       0.87      0.87      0.87       596
   macro avg       0.87      0.87      0.87       596
weighted avg       0.87      0.87      0.87       596
=====================================================
Epoch: 93
[[130   6   3  10]
 [  4 144   0   1]
 [  0   0 137  12]
 [  5   1  35 108]]
OA: 87%
Cohen's kappa: 0.82
              precision    recall  f1-score   support

           0       0.94      0.87      0.90       149
           1       0.95      0.97      0.96       149
           2       0.78      0.92      0.85       149
           3       0.82      0.72      0.77       149

   micro avg       0.87      0.87      0.87       596
   macro avg       0.87      0.87      0.87       596
weighted avg       0.87      0.87      0.87       596
=====================================================
Epoch: 94
[[129   7   4   9]
 [  3 145   0   1]
 [  0   0 142   7]
 [  5   1  40 103]]
OA: 87%
Cohen's kappa: 0.82
              precision    recall  f1-score   support

           0       0.94      0.87      0.90       149
           1       0.95      0.97      0.96       149
           2       0.76      0.95      0.85       149
           3       0.86      0.69      0.77       149

   micro avg       0.87      0.87      0.87       596
   macro avg       0.88      0.87      0.87       596
weighted avg       0.88      0.87      0.87       596
=====================================================
Epoch: 95
[[130   6   4   9]
 [  4 144   0   1]
 [  0   0 138  11]
 [  5   1  35 108]]
OA: 87%
Cohen's kappa: 0.82
              precision    recall  f1-score   support

           0       0.94      0.87      0.90       149
           1       0.95      0.97      0.96       149
           2       0.78      0.93      0.85       149
           3       0.84      0.72      0.78       149

   micro avg       0.87      0.87      0.87       596
   macro avg       0.88      0.87      0.87       596
weighted avg       0.88      0.87      0.87       596
=====================================================
Epoch: 96
[[130   8   2   9]
 [  3 145   0   1]
 [  0   0 136  13]
 [  6   1  34 108]]
OA: 87%
Cohen's kappa: 0.82
              precision    recall  f1-score   support

           0       0.94      0.87      0.90       149
           1       0.94      0.97      0.96       149
           2       0.79      0.91      0.85       149
           3       0.82      0.72      0.77       149

   micro avg       0.87      0.87      0.87       596
   macro avg       0.87      0.87      0.87       596
weighted avg       0.87      0.87      0.87       596
=====================================================
Epoch: 97
[[132   8   1   8]
 [  3 145   0   1]
 [  0   0 139  10]
 [  6   1  36 106]]
OA: 87%
Cohen's kappa: 0.83
              precision    recall  f1-score   support

           0       0.94      0.89      0.91       149
           1       0.94      0.97      0.96       149
           2       0.79      0.93      0.86       149
           3       0.85      0.71      0.77       149

   micro avg       0.88      0.88      0.88       596
   macro avg       0.88      0.88      0.87       596
weighted avg       0.88      0.88      0.87       596
=====================================================
Epoch: 98
[[130   6   4   9]
 [  4 144   0   1]
 [  0   0 138  11]
 [  5   1  39 104]]
OA: 86%
Cohen's kappa: 0.82
              precision    recall  f1-score   support

           0       0.94      0.87      0.90       149
           1       0.95      0.97      0.96       149
           2       0.76      0.93      0.84       149
           3       0.83      0.70      0.76       149

   micro avg       0.87      0.87      0.87       596
   macro avg       0.87      0.87      0.86       596
weighted avg       0.87      0.87      0.86       596
=====================================================
Epoch: 99
[[129   7   2  11]
 [  4 144   0   1]
 [  0   0 139  10]
 [  5   1  39 104]]
OA: 86%
Cohen's kappa: 0.82
              precision    recall  f1-score   support

           0       0.93      0.87      0.90       149
           1       0.95      0.97      0.96       149
           2       0.77      0.93      0.84       149
           3       0.83      0.70      0.76       149

   micro avg       0.87      0.87      0.87       596
   macro avg       0.87      0.87      0.86       596
weighted avg       0.87      0.87      0.86       596
=====================================================
Epoch: 100
[[127   7   4  11]
 [  4 144   0   1]
 [  0   0 140   9]
 [  4   1  43 101]]
OA: 85%
Cohen's kappa: 0.81
              precision    recall  f1-score   support

           0       0.94      0.85      0.89       149
           1       0.95      0.97      0.96       149
           2       0.75      0.94      0.83       149
           3       0.83      0.68      0.75       149

   micro avg       0.86      0.86      0.86       596
   macro avg       0.87      0.86      0.86       596
weighted avg       0.87      0.86      0.86       596
