=====================================================
Epoch: 1
[[20  7  0  0]
 [ 3  9  8  0]
 [ 0  0 19  2]
 [ 1  2 14  7]]
OA: 59%
Cohen's kappa: 0.46
              precision    recall  f1-score   support

           0       0.83      0.74      0.78        27
           1       0.50      0.45      0.47        20
           2       0.46      0.90      0.61        21
           3       0.78      0.29      0.42        24

   micro avg       0.60      0.60      0.60        92
   macro avg       0.64      0.60      0.57        92
weighted avg       0.66      0.60      0.58        92
=====================================================
Epoch: 2
[[25  1  0  1]
 [ 6  7  3  4]
 [ 0  1 17  3]
 [ 2  3 15  4]]
OA: 57%
Cohen's kappa: 0.43
              precision    recall  f1-score   support

           0       0.76      0.93      0.83        27
           1       0.58      0.35      0.44        20
           2       0.49      0.81      0.61        21
           3       0.33      0.17      0.22        24

   micro avg       0.58      0.58      0.58        92
   macro avg       0.54      0.56      0.53        92
weighted avg       0.55      0.58      0.54        92
=====================================================
Epoch: 3
[[17  6  3  1]
 [ 4  6  7  3]
 [ 0  0  9 12]
 [ 0  1  7 16]]
OA: 52%
Cohen's kappa: 0.35
              precision    recall  f1-score   support

           0       0.81      0.63      0.71        27
           1       0.46      0.30      0.36        20
           2       0.35      0.43      0.38        21
           3       0.50      0.67      0.57        24

   micro avg       0.52      0.52      0.52        92
   macro avg       0.53      0.51      0.51        92
weighted avg       0.55      0.52      0.52        92
=====================================================
Epoch: 4
[[27  0  0  0]
 [ 9 10  1  0]
 [ 3  0 18  0]
 [ 2  5 14  3]]
OA: 63%
Cohen's kappa: 0.5
              precision    recall  f1-score   support

           0       0.66      1.00      0.79        27
           1       0.67      0.50      0.57        20
           2       0.55      0.86      0.67        21
           3       1.00      0.12      0.22        24

   micro avg       0.63      0.63      0.63        92
   macro avg       0.72      0.62      0.56        92
weighted avg       0.72      0.63      0.57        92
=====================================================
Epoch: 5
[[24  2  0  1]
 [ 6 10  2  2]
 [ 0  0 20  1]
 [ 0  3  8 13]]
OA: 72%
Cohen's kappa: 0.63
              precision    recall  f1-score   support

           0       0.80      0.89      0.84        27
           1       0.67      0.50      0.57        20
           2       0.67      0.95      0.78        21
           3       0.76      0.54      0.63        24

   micro avg       0.73      0.73      0.73        92
   macro avg       0.72      0.72      0.71        92
weighted avg       0.73      0.73      0.72        92
=====================================================
Epoch: 6
[[23  3  0  1]
 [ 4 10  6  0]
 [ 0  0 20  1]
 [ 0  0 23  1]]
OA: 58%
Cohen's kappa: 0.45
              precision    recall  f1-score   support

           0       0.85      0.85      0.85        27
           1       0.77      0.50      0.61        20
           2       0.41      0.95      0.57        21
           3       0.33      0.04      0.07        24

   micro avg       0.59      0.59      0.59        92
   macro avg       0.59      0.59      0.53        92
weighted avg       0.60      0.59      0.53        92
=====================================================
Epoch: 7
[[24  3  0  0]
 [ 8 10  2  0]
 [ 6  3 11  1]
 [ 4 10  4  6]]
OA: 55%
Cohen's kappa: 0.39
              precision    recall  f1-score   support

           0       0.57      0.89      0.70        27
           1       0.38      0.50      0.43        20
           2       0.65      0.52      0.58        21
           3       0.86      0.25      0.39        24

   micro avg       0.55      0.55      0.55        92
   macro avg       0.62      0.54      0.52        92
weighted avg       0.62      0.55      0.53        92
=====================================================
Epoch: 8
[[18  4  0  5]
 [ 2  2  2 14]
 [ 0  3 10  8]
 [ 0  1  6 17]]
OA: 51%
Cohen's kappa: 0.34
              precision    recall  f1-score   support

           0       0.90      0.67      0.77        27
           1       0.20      0.10      0.13        20
           2       0.56      0.48      0.51        21
           3       0.39      0.71      0.50        24

   micro avg       0.51      0.51      0.51        92
   macro avg       0.51      0.49      0.48        92
weighted avg       0.54      0.51      0.50        92
=====================================================
Epoch: 9
[[13 12  0  2]
 [ 0 13  4  3]
 [ 0  4 16  1]
 [ 0  4  7 13]]
OA: 59%
Cohen's kappa: 0.47
              precision    recall  f1-score   support

           0       1.00      0.48      0.65        27
           1       0.39      0.65      0.49        20
           2       0.59      0.76      0.67        21
           3       0.68      0.54      0.60        24

   micro avg       0.60      0.60      0.60        92
   macro avg       0.67      0.61      0.60        92
weighted avg       0.69      0.60      0.61        92
=====================================================
Epoch: 10
[[22  3  2  0]
 [ 4  8  5  3]
 [ 0  1 20  0]
 [ 1  2 16  5]]
OA: 59%
Cohen's kappa: 0.46
              precision    recall  f1-score   support

           0       0.81      0.81      0.81        27
           1       0.57      0.40      0.47        20
           2       0.47      0.95      0.62        21
           3       0.62      0.21      0.31        24

   micro avg       0.60      0.60      0.60        92
   macro avg       0.62      0.59      0.56        92
weighted avg       0.63      0.60      0.57        92
=====================================================
Epoch: 11
[[25  1  1  0]
 [ 7  8  5  0]
 [ 0  1 19  1]
 [ 0  7 10  7]]
OA: 64%
Cohen's kappa: 0.52
              precision    recall  f1-score   support

           0       0.78      0.93      0.85        27
           1       0.47      0.40      0.43        20
           2       0.54      0.90      0.68        21
           3       0.88      0.29      0.44        24

   micro avg       0.64      0.64      0.64        92
   macro avg       0.67      0.63      0.60        92
weighted avg       0.68      0.64      0.61        92
=====================================================
Epoch: 12
[[16 10  0  1]
 [ 2 13  2  3]
 [ 0  0 18  3]
 [ 0  1  8 15]]
OA: 67%
Cohen's kappa: 0.56
              precision    recall  f1-score   support

           0       0.89      0.59      0.71        27
           1       0.54      0.65      0.59        20
           2       0.64      0.86      0.73        21
           3       0.68      0.62      0.65        24

   micro avg       0.67      0.67      0.67        92
   macro avg       0.69      0.68      0.67        92
weighted avg       0.70      0.67      0.67        92
=====================================================
Epoch: 13
[[26  1  0  0]
 [ 6  9  1  4]
 [ 0  0 16  5]
 [ 2  0  8 14]]
OA: 70%
Cohen's kappa: 0.6
              precision    recall  f1-score   support

           0       0.76      0.96      0.85        27
           1       0.90      0.45      0.60        20
           2       0.64      0.76      0.70        21
           3       0.61      0.58      0.60        24

   micro avg       0.71      0.71      0.71        92
   macro avg       0.73      0.69      0.69        92
weighted avg       0.72      0.71      0.69        92
=====================================================
Epoch: 14
[[25  0  0  2]
 [ 5  8  4  3]
 [ 0  3  7 11]
 [ 0  2  1 21]]
OA: 66%
Cohen's kappa: 0.54
              precision    recall  f1-score   support

           0       0.83      0.93      0.88        27
           1       0.62      0.40      0.48        20
           2       0.58      0.33      0.42        21
           3       0.57      0.88      0.69        24

   micro avg       0.66      0.66      0.66        92
   macro avg       0.65      0.63      0.62        92
weighted avg       0.66      0.66      0.64        92
=====================================================
Epoch: 15
[[26  0  0  1]
 [ 6 10  2  2]
 [ 0  4 14  3]
 [ 0  6  2 16]]
OA: 71%
Cohen's kappa: 0.61
              precision    recall  f1-score   support

           0       0.81      0.96      0.88        27
           1       0.50      0.50      0.50        20
           2       0.78      0.67      0.72        21
           3       0.73      0.67      0.70        24

   micro avg       0.72      0.72      0.72        92
   macro avg       0.70      0.70      0.70        92
weighted avg       0.71      0.72      0.71        92
=====================================================
Epoch: 16
[[21  5  1  0]
 [ 4 11  5  0]
 [ 0  0 17  4]
 [ 0  4  4 16]]
OA: 70%
Cohen's kappa: 0.6
              precision    recall  f1-score   support

           0       0.84      0.78      0.81        27
           1       0.55      0.55      0.55        20
           2       0.63      0.81      0.71        21
           3       0.80      0.67      0.73        24

   micro avg       0.71      0.71      0.71        92
   macro avg       0.70      0.70      0.70        92
weighted avg       0.72      0.71      0.71        92
=====================================================
Epoch: 17
[[18  8  0  1]
 [ 2 15  2  1]
 [ 0  1 15  5]
 [ 0  5  5 14]]
OA: 67%
Cohen's kappa: 0.56
              precision    recall  f1-score   support

           0       0.90      0.67      0.77        27
           1       0.52      0.75      0.61        20
           2       0.68      0.71      0.70        21
           3       0.67      0.58      0.62        24

   micro avg       0.67      0.67      0.67        92
   macro avg       0.69      0.68      0.67        92
weighted avg       0.71      0.67      0.68        92
=====================================================
Epoch: 18
[[18  2  1  6]
 [ 2  6  7  5]
 [ 0  1 19  1]
 [ 0  0 15  9]]
OA: 56%
Cohen's kappa: 0.42
              precision    recall  f1-score   support

           0       0.90      0.67      0.77        27
           1       0.67      0.30      0.41        20
           2       0.45      0.90      0.60        21
           3       0.43      0.38      0.40        24

   micro avg       0.57      0.57      0.57        92
   macro avg       0.61      0.56      0.55        92
weighted avg       0.62      0.57      0.56        92
=====================================================
Epoch: 19
[[22  5  0  0]
 [ 3 11  6  0]
 [ 0  4 17  0]
 [ 1  6 12  5]]
OA: 59%
Cohen's kappa: 0.46
              precision    recall  f1-score   support

           0       0.85      0.81      0.83        27
           1       0.42      0.55      0.48        20
           2       0.49      0.81      0.61        21
           3       1.00      0.21      0.34        24

   micro avg       0.60      0.60      0.60        92
   macro avg       0.69      0.60      0.57        92
weighted avg       0.71      0.60      0.58        92
=====================================================
Epoch: 20
[[20  2  4  1]
 [ 1  6  9  4]
 [ 0  0 19  2]
 [ 0  0  6 18]]
OA: 68%
Cohen's kappa: 0.57
              precision    recall  f1-score   support

           0       0.95      0.74      0.83        27
           1       0.75      0.30      0.43        20
           2       0.50      0.90      0.64        21
           3       0.72      0.75      0.73        24

   micro avg       0.68      0.68      0.68        92
   macro avg       0.73      0.67      0.66        92
weighted avg       0.74      0.68      0.68        92
=====================================================
Epoch: 21
[[19  4  2  2]
 [ 1 13  2  4]
 [ 0  1 15  5]
 [ 0  0  6 18]]
OA: 70%
Cohen's kappa: 0.6
              precision    recall  f1-score   support

           0       0.95      0.70      0.81        27
           1       0.72      0.65      0.68        20
           2       0.60      0.71      0.65        21
           3       0.62      0.75      0.68        24

   micro avg       0.71      0.71      0.71        92
   macro avg       0.72      0.70      0.71        92
weighted avg       0.73      0.71      0.71        92
=====================================================
Epoch: 22
[[23  3  0  1]
 [ 7  5  8  0]
 [ 0  0 17  4]
 [ 1  0  8 15]]
OA: 65%
Cohen's kappa: 0.53
              precision    recall  f1-score   support

           0       0.74      0.85      0.79        27
           1       0.62      0.25      0.36        20
           2       0.52      0.81      0.63        21
           3       0.75      0.62      0.68        24

   micro avg       0.65      0.65      0.65        92
   macro avg       0.66      0.63      0.62        92
weighted avg       0.67      0.65      0.63        92
=====================================================
Epoch: 23
[[21  4  1  1]
 [ 3 11  6  0]
 [ 0  1 18  2]
 [ 0  0  5 19]]
OA: 75%
Cohen's kappa: 0.66
              precision    recall  f1-score   support

           0       0.88      0.78      0.82        27
           1       0.69      0.55      0.61        20
           2       0.60      0.86      0.71        21
           3       0.86      0.79      0.83        24

   micro avg       0.75      0.75      0.75        92
   macro avg       0.76      0.74      0.74        92
weighted avg       0.77      0.75      0.75        92
=====================================================
Epoch: 24
[[21  3  2  1]
 [ 3 11  6  0]
 [ 0  1 19  1]
 [ 1  2  9 12]]
OA: 68%
Cohen's kappa: 0.58
              precision    recall  f1-score   support

           0       0.84      0.78      0.81        27
           1       0.65      0.55      0.59        20
           2       0.53      0.90      0.67        21
           3       0.86      0.50      0.63        24

   micro avg       0.68      0.68      0.68        92
   macro avg       0.72      0.68      0.68        92
weighted avg       0.73      0.68      0.68        92
=====================================================
Epoch: 25
[[22  4  1  0]
 [ 1 15  4  0]
 [ 0  1 20  0]
 [ 0  1 13 10]]
OA: 72%
Cohen's kappa: 0.63
              precision    recall  f1-score   support

           0       0.96      0.81      0.88        27
           1       0.71      0.75      0.73        20
           2       0.53      0.95      0.68        21
           3       1.00      0.42      0.59        24

   micro avg       0.73      0.73      0.73        92
   macro avg       0.80      0.73      0.72        92
weighted avg       0.82      0.73      0.73        92
=====================================================
Epoch: 26
[[21  4  1  1]
 [ 4 10  4  2]
 [ 0  2 17  2]
 [ 0  0  6 18]]
OA: 71%
Cohen's kappa: 0.62
              precision    recall  f1-score   support

           0       0.84      0.78      0.81        27
           1       0.62      0.50      0.56        20
           2       0.61      0.81      0.69        21
           3       0.78      0.75      0.77        24

   micro avg       0.72      0.72      0.72        92
   macro avg       0.71      0.71      0.71        92
weighted avg       0.73      0.72      0.72        92
=====================================================
Epoch: 27
[[21  2  2  2]
 [ 2 12  6  0]
 [ 0  1 20  0]
 [ 0  2  8 14]]
OA: 72%
Cohen's kappa: 0.63
              precision    recall  f1-score   support

           0       0.91      0.78      0.84        27
           1       0.71      0.60      0.65        20
           2       0.56      0.95      0.70        21
           3       0.88      0.58      0.70        24

   micro avg       0.73      0.73      0.73        92
   macro avg       0.76      0.73      0.72        92
weighted avg       0.78      0.73      0.73        92
=====================================================
Epoch: 28
[[21  3  3  0]
 [ 3 10  7  0]
 [ 1  1 16  3]
 [ 1  1  4 18]]
OA: 70%
Cohen's kappa: 0.6
              precision    recall  f1-score   support

           0       0.81      0.78      0.79        27
           1       0.67      0.50      0.57        20
           2       0.53      0.76      0.63        21
           3       0.86      0.75      0.80        24

   micro avg       0.71      0.71      0.71        92
   macro avg       0.72      0.70      0.70        92
weighted avg       0.73      0.71      0.71        92
=====================================================
Epoch: 29
[[18  8  1  0]
 [ 3 15  2  0]
 [ 0  2 18  1]
 [ 1  4  2 17]]
OA: 73%
Cohen's kappa: 0.65
              precision    recall  f1-score   support

           0       0.82      0.67      0.73        27
           1       0.52      0.75      0.61        20
           2       0.78      0.86      0.82        21
           3       0.94      0.71      0.81        24

   micro avg       0.74      0.74      0.74        92
   macro avg       0.77      0.75      0.74        92
weighted avg       0.78      0.74      0.75        92
=====================================================
Epoch: 30
[[21  4  2  0]
 [ 2 14  2  2]
 [ 0  1 17  3]
 [ 0  2  5 17]]
OA: 75%
Cohen's kappa: 0.66
              precision    recall  f1-score   support

           0       0.91      0.78      0.84        27
           1       0.67      0.70      0.68        20
           2       0.65      0.81      0.72        21
           3       0.77      0.71      0.74        24

   micro avg       0.75      0.75      0.75        92
   macro avg       0.75      0.75      0.75        92
weighted avg       0.76      0.75      0.75        92
=====================================================
Epoch: 31
[[14  7  3  3]
 [ 0  7 12  1]
 [ 0  0 21  0]
 [ 0  2 17  5]]
OA: 51%
Cohen's kappa: 0.35
              precision    recall  f1-score   support

           0       1.00      0.52      0.68        27
           1       0.44      0.35      0.39        20
           2       0.40      1.00      0.57        21
           3       0.56      0.21      0.30        24

   micro avg       0.51      0.51      0.51        92
   macro avg       0.60      0.52      0.49        92
weighted avg       0.62      0.51      0.49        92
=====================================================
Epoch: 32
[[23  3  1  0]
 [ 3 13  3  1]
 [ 0  1 16  4]
 [ 3  0  3 18]]
OA: 76%
Cohen's kappa: 0.67
              precision    recall  f1-score   support

           0       0.79      0.85      0.82        27
           1       0.76      0.65      0.70        20
           2       0.70      0.76      0.73        21
           3       0.78      0.75      0.77        24

   micro avg       0.76      0.76      0.76        92
   macro avg       0.76      0.75      0.75        92
weighted avg       0.76      0.76      0.76        92
=====================================================
Epoch: 33
[[23  1  2  1]
 [ 6  7  3  4]
 [ 0  0 17  4]
 [ 2  0  2 20]]
OA: 72%
Cohen's kappa: 0.63
              precision    recall  f1-score   support

           0       0.74      0.85      0.79        27
           1       0.88      0.35      0.50        20
           2       0.71      0.81      0.76        21
           3       0.69      0.83      0.75        24

   micro avg       0.73      0.73      0.73        92
   macro avg       0.75      0.71      0.70        92
weighted avg       0.75      0.73      0.71        92
=====================================================
Epoch: 34
[[23  1  0  3]
 [ 4 10  3  3]
 [ 0  3 15  3]
 [ 1  2  2 19]]
OA: 72%
Cohen's kappa: 0.63
              precision    recall  f1-score   support

           0       0.82      0.85      0.84        27
           1       0.62      0.50      0.56        20
           2       0.75      0.71      0.73        21
           3       0.68      0.79      0.73        24

   micro avg       0.73      0.73      0.73        92
   macro avg       0.72      0.71      0.71        92
weighted avg       0.73      0.73      0.72        92
=====================================================
Epoch: 35
[[22  3  2  0]
 [ 3 13  4  0]
 [ 0  1 20  0]
 [ 2  3  8 11]]
OA: 71%
Cohen's kappa: 0.62
              precision    recall  f1-score   support

           0       0.81      0.81      0.81        27
           1       0.65      0.65      0.65        20
           2       0.59      0.95      0.73        21
           3       1.00      0.46      0.63        24

   micro avg       0.72      0.72      0.72        92
   macro avg       0.76      0.72      0.71        92
weighted avg       0.78      0.72      0.71        92
=====================================================
Epoch: 36
[[23  3  1  0]
 [ 2 13  5  0]
 [ 0  2 18  1]
 [ 0  3  9 12]]
OA: 71%
Cohen's kappa: 0.62
              precision    recall  f1-score   support

           0       0.92      0.85      0.88        27
           1       0.62      0.65      0.63        20
           2       0.55      0.86      0.67        21
           3       0.92      0.50      0.65        24

   micro avg       0.72      0.72      0.72        92
   macro avg       0.75      0.71      0.71        92
weighted avg       0.77      0.72      0.72        92
=====================================================
Epoch: 37
[[19  5  1  2]
 [ 2 12  5  1]
 [ 0  1 19  1]
 [ 0  0  7 17]]
OA: 72%
Cohen's kappa: 0.63
              precision    recall  f1-score   support

           0       0.90      0.70      0.79        27
           1       0.67      0.60      0.63        20
           2       0.59      0.90      0.72        21
           3       0.81      0.71      0.76        24

   micro avg       0.73      0.73      0.73        92
   macro avg       0.74      0.73      0.72        92
weighted avg       0.76      0.73      0.73        92
=====================================================
Epoch: 38
[[20  6  1  0]
 [ 2 11  5  2]
 [ 0  1 18  2]
 [ 0  1  4 19]]
OA: 73%
Cohen's kappa: 0.65
              precision    recall  f1-score   support

           0       0.91      0.74      0.82        27
           1       0.58      0.55      0.56        20
           2       0.64      0.86      0.73        21
           3       0.83      0.79      0.81        24

   micro avg       0.74      0.74      0.74        92
   macro avg       0.74      0.73      0.73        92
weighted avg       0.75      0.74      0.74        92
=====================================================
Epoch: 39
[[20  5  2  0]
 [ 2 14  2  2]
 [ 0  2 19  0]
 [ 2  0  8 14]]
OA: 72%
Cohen's kappa: 0.63
              precision    recall  f1-score   support

           0       0.83      0.74      0.78        27
           1       0.67      0.70      0.68        20
           2       0.61      0.90      0.73        21
           3       0.88      0.58      0.70        24

   micro avg       0.73      0.73      0.73        92
   macro avg       0.75      0.73      0.72        92
weighted avg       0.76      0.73      0.73        92
=====================================================
Epoch: 40
[[20  5  1  1]
 [ 2 15  2  1]
 [ 0  2 19  0]
 [ 0  1  5 18]]
OA: 78%
Cohen's kappa: 0.71
              precision    recall  f1-score   support

           0       0.91      0.74      0.82        27
           1       0.65      0.75      0.70        20
           2       0.70      0.90      0.79        21
           3       0.90      0.75      0.82        24

   micro avg       0.78      0.78      0.78        92
   macro avg       0.79      0.79      0.78        92
weighted avg       0.80      0.78      0.79        92
=====================================================
Epoch: 41
[[19  7  1  0]
 [ 2  4 10  4]
 [ 0  0 19  2]
 [ 1  0  4 19]]
OA: 66%
Cohen's kappa: 0.54
              precision    recall  f1-score   support

           0       0.86      0.70      0.78        27
           1       0.36      0.20      0.26        20
           2       0.56      0.90      0.69        21
           3       0.76      0.79      0.78        24

   micro avg       0.66      0.66      0.66        92
   macro avg       0.64      0.65      0.62        92
weighted avg       0.66      0.66      0.64        92
=====================================================
Epoch: 42
[[22  4  1  0]
 [ 3 12  4  1]
 [ 0  4 14  3]
 [ 1  1  2 20]]
OA: 73%
Cohen's kappa: 0.65
              precision    recall  f1-score   support

           0       0.85      0.81      0.83        27
           1       0.57      0.60      0.59        20
           2       0.67      0.67      0.67        21
           3       0.83      0.83      0.83        24

   micro avg       0.74      0.74      0.74        92
   macro avg       0.73      0.73      0.73        92
weighted avg       0.74      0.74      0.74        92
=====================================================
Epoch: 43
[[21  4  2  0]
 [ 2 14  3  1]
 [ 0  1 20  0]
 [ 0  2  6 16]]
OA: 77%
Cohen's kappa: 0.69
              precision    recall  f1-score   support

           0       0.91      0.78      0.84        27
           1       0.67      0.70      0.68        20
           2       0.65      0.95      0.77        21
           3       0.94      0.67      0.78        24

   micro avg       0.77      0.77      0.77        92
   macro avg       0.79      0.77      0.77        92
weighted avg       0.81      0.77      0.77        92
=====================================================
Epoch: 44
[[20  5  1  1]
 [ 1 15  3  1]
 [ 0  2 15  4]
 [ 0  0  2 22]]
OA: 78%
Cohen's kappa: 0.7
              precision    recall  f1-score   support

           0       0.95      0.74      0.83        27
           1       0.68      0.75      0.71        20
           2       0.71      0.71      0.71        21
           3       0.79      0.92      0.85        24

   micro avg       0.78      0.78      0.78        92
   macro avg       0.78      0.78      0.78        92
weighted avg       0.80      0.78      0.78        92
=====================================================
Epoch: 45
[[20  4  3  0]
 [ 2 13  4  1]
 [ 0  2 17  2]
 [ 0  0  4 20]]
OA: 76%
Cohen's kappa: 0.68
              precision    recall  f1-score   support

           0       0.91      0.74      0.82        27
           1       0.68      0.65      0.67        20
           2       0.61      0.81      0.69        21
           3       0.87      0.83      0.85        24

   micro avg       0.76      0.76      0.76        92
   macro avg       0.77      0.76      0.76        92
weighted avg       0.78      0.76      0.76        92
=====================================================
Epoch: 46
[[21  4  1  1]
 [ 2 10  7  1]
 [ 0  1 20  0]
 [ 1  2  7 14]]
OA: 70%
Cohen's kappa: 0.6
              precision    recall  f1-score   support

           0       0.88      0.78      0.82        27
           1       0.59      0.50      0.54        20
           2       0.57      0.95      0.71        21
           3       0.88      0.58      0.70        24

   micro avg       0.71      0.71      0.71        92
   macro avg       0.73      0.70      0.69        92
weighted avg       0.74      0.71      0.70        92
=====================================================
Epoch: 47
[[20  4  2  1]
 [ 3 13  3  1]
 [ 0  1 18  2]
 [ 0  1  2 21]]
OA: 78%
Cohen's kappa: 0.7
              precision    recall  f1-score   support

           0       0.87      0.74      0.80        27
           1       0.68      0.65      0.67        20
           2       0.72      0.86      0.78        21
           3       0.84      0.88      0.86        24

   micro avg       0.78      0.78      0.78        92
   macro avg       0.78      0.78      0.78        92
weighted avg       0.79      0.78      0.78        92
=====================================================
Epoch: 48
[[21  3  2  1]
 [ 2  9  7  2]
 [ 0  2 19  0]
 [ 0  0  8 16]]
OA: 70%
Cohen's kappa: 0.6
              precision    recall  f1-score   support

           0       0.91      0.78      0.84        27
           1       0.64      0.45      0.53        20
           2       0.53      0.90      0.67        21
           3       0.84      0.67      0.74        24

   micro avg       0.71      0.71      0.71        92
   macro avg       0.73      0.70      0.70        92
weighted avg       0.75      0.71      0.71        92
=====================================================
Epoch: 49
[[22  1  3  1]
 [ 2 12  4  2]
 [ 0  1 20  0]
 [ 0  1  6 17]]
OA: 77%
Cohen's kappa: 0.69
              precision    recall  f1-score   support

           0       0.92      0.81      0.86        27
           1       0.80      0.60      0.69        20
           2       0.61      0.95      0.74        21
           3       0.85      0.71      0.77        24

   micro avg       0.77      0.77      0.77        92
   macro avg       0.79      0.77      0.77        92
weighted avg       0.80      0.77      0.77        92
=====================================================
Epoch: 50
[[20  4  2  1]
 [ 3 10  6  1]
 [ 0  2 18  1]
 [ 0  1  8 15]]
OA: 68%
Cohen's kappa: 0.58
              precision    recall  f1-score   support

           0       0.87      0.74      0.80        27
           1       0.59      0.50      0.54        20
           2       0.53      0.86      0.65        21
           3       0.83      0.62      0.71        24

   micro avg       0.68      0.68      0.68        92
   macro avg       0.71      0.68      0.68        92
weighted avg       0.72      0.68      0.69        92
=====================================================
Epoch: 51
[[22  2  1  2]
 [ 3  9  7  1]
 [ 0  2 19  0]
 [ 0  1  5 18]]
OA: 73%
Cohen's kappa: 0.65
              precision    recall  f1-score   support

           0       0.88      0.81      0.85        27
           1       0.64      0.45      0.53        20
           2       0.59      0.90      0.72        21
           3       0.86      0.75      0.80        24

   micro avg       0.74      0.74      0.74        92
   macro avg       0.74      0.73      0.72        92
weighted avg       0.76      0.74      0.74        92
=====================================================
Epoch: 52
[[19  4  3  1]
 [ 2 13  3  2]
 [ 0  2 14  5]
 [ 0  2  1 21]]
OA: 72%
Cohen's kappa: 0.63
              precision    recall  f1-score   support

           0       0.90      0.70      0.79        27
           1       0.62      0.65      0.63        20
           2       0.67      0.67      0.67        21
           3       0.72      0.88      0.79        24

   micro avg       0.73      0.73      0.73        92
   macro avg       0.73      0.72      0.72        92
weighted avg       0.74      0.73      0.73        92
=====================================================
Epoch: 53
[[19  4  3  1]
 [ 2 13  3  2]
 [ 0  1 19  1]
 [ 0  1  3 20]]
OA: 77%
Cohen's kappa: 0.69
              precision    recall  f1-score   support

           0       0.90      0.70      0.79        27
           1       0.68      0.65      0.67        20
           2       0.68      0.90      0.78        21
           3       0.83      0.83      0.83        24

   micro avg       0.77      0.77      0.77        92
   macro avg       0.78      0.77      0.77        92
weighted avg       0.79      0.77      0.77        92
=====================================================
Epoch: 54
[[23  1  1  2]
 [ 4 10  5  1]
 [ 0  3 17  1]
 [ 0  2  5 17]]
OA: 72%
Cohen's kappa: 0.63
              precision    recall  f1-score   support

           0       0.85      0.85      0.85        27
           1       0.62      0.50      0.56        20
           2       0.61      0.81      0.69        21
           3       0.81      0.71      0.76        24

   micro avg       0.73      0.73      0.73        92
   macro avg       0.72      0.72      0.71        92
weighted avg       0.74      0.73      0.73        92
=====================================================
Epoch: 55
[[23  1  1  2]
 [ 2 10  5  3]
 [ 0  2 19  0]
 [ 0  0  7 17]]
OA: 75%
Cohen's kappa: 0.66
              precision    recall  f1-score   support

           0       0.92      0.85      0.88        27
           1       0.77      0.50      0.61        20
           2       0.59      0.90      0.72        21
           3       0.77      0.71      0.74        24

   micro avg       0.75      0.75      0.75        92
   macro avg       0.76      0.74      0.74        92
weighted avg       0.77      0.75      0.75        92
=====================================================
Epoch: 56
[[23  1  2  1]
 [ 4  9  5  2]
 [ 0  1 17  3]
 [ 0  1  3 20]]
OA: 75%
Cohen's kappa: 0.66
              precision    recall  f1-score   support

           0       0.85      0.85      0.85        27
           1       0.75      0.45      0.56        20
           2       0.63      0.81      0.71        21
           3       0.77      0.83      0.80        24

   micro avg       0.75      0.75      0.75        92
   macro avg       0.75      0.74      0.73        92
weighted avg       0.76      0.75      0.74        92
=====================================================
Epoch: 57
[[22  4  1  0]
 [ 2 11  5  2]
 [ 0  1 18  2]
 [ 0  2  5 17]]
OA: 73%
Cohen's kappa: 0.65
              precision    recall  f1-score   support

           0       0.92      0.81      0.86        27
           1       0.61      0.55      0.58        20
           2       0.62      0.86      0.72        21
           3       0.81      0.71      0.76        24

   micro avg       0.74      0.74      0.74        92
   macro avg       0.74      0.73      0.73        92
weighted avg       0.75      0.74      0.74        92
=====================================================
Epoch: 58
[[22  3  1  1]
 [ 4 13  2  1]
 [ 0  2 19  0]
 [ 0  3  6 15]]
OA: 75%
Cohen's kappa: 0.66
              precision    recall  f1-score   support

           0       0.85      0.81      0.83        27
           1       0.62      0.65      0.63        20
           2       0.68      0.90      0.78        21
           3       0.88      0.62      0.73        24

   micro avg       0.75      0.75      0.75        92
   macro avg       0.76      0.75      0.74        92
weighted avg       0.77      0.75      0.75        92
=====================================================
Epoch: 59
[[20  6  1  0]
 [ 3 12  5  0]
 [ 0  3 18  0]
 [ 0  0  9 15]]
OA: 70%
Cohen's kappa: 0.61
              precision    recall  f1-score   support

           0       0.87      0.74      0.80        27
           1       0.57      0.60      0.59        20
           2       0.55      0.86      0.67        21
           3       1.00      0.62      0.77        24

   micro avg       0.71      0.71      0.71        92
   macro avg       0.75      0.71      0.71        92
weighted avg       0.76      0.71      0.71        92
=====================================================
Epoch: 60
[[19  6  2  0]
 [ 2 17  1  0]
 [ 0  3 17  1]
 [ 0  2  7 15]]
OA: 73%
Cohen's kappa: 0.65
              precision    recall  f1-score   support

           0       0.90      0.70      0.79        27
           1       0.61      0.85      0.71        20
           2       0.63      0.81      0.71        21
           3       0.94      0.62      0.75        24

   micro avg       0.74      0.74      0.74        92
   macro avg       0.77      0.75      0.74        92
weighted avg       0.79      0.74      0.74        92
=====================================================
Epoch: 61
[[25  1  1  0]
 [ 5  6  7  2]
 [ 0  1 20  0]
 [ 0  1  9 14]]
OA: 70%
Cohen's kappa: 0.6
              precision    recall  f1-score   support

           0       0.83      0.93      0.88        27
           1       0.67      0.30      0.41        20
           2       0.54      0.95      0.69        21
           3       0.88      0.58      0.70        24

   micro avg       0.71      0.71      0.71        92
   macro avg       0.73      0.69      0.67        92
weighted avg       0.74      0.71      0.69        92
=====================================================
Epoch: 62
[[20  4  3  0]
 [ 3 13  3  1]
 [ 0  3 18  0]
 [ 0  2  7 15]]
OA: 71%
Cohen's kappa: 0.62
              precision    recall  f1-score   support

           0       0.87      0.74      0.80        27
           1       0.59      0.65      0.62        20
           2       0.58      0.86      0.69        21
           3       0.94      0.62      0.75        24

   micro avg       0.72      0.72      0.72        92
   macro avg       0.74      0.72      0.72        92
weighted avg       0.76      0.72      0.72        92
=====================================================
Epoch: 63
[[21  5  1  0]
 [ 2 14  4  0]
 [ 0  1 20  0]
 [ 0  1  8 15]]
OA: 76%
Cohen's kappa: 0.68
              precision    recall  f1-score   support

           0       0.91      0.78      0.84        27
           1       0.67      0.70      0.68        20
           2       0.61      0.95      0.74        21
           3       1.00      0.62      0.77        24

   micro avg       0.76      0.76      0.76        92
   macro avg       0.80      0.76      0.76        92
weighted avg       0.81      0.76      0.76        92
=====================================================
Epoch: 64
[[18  7  1  1]
 [ 3 10  4  3]
 [ 0  2 17  2]
 [ 0  0  6 18]]
OA: 68%
Cohen's kappa: 0.58
              precision    recall  f1-score   support

           0       0.86      0.67      0.75        27
           1       0.53      0.50      0.51        20
           2       0.61      0.81      0.69        21
           3       0.75      0.75      0.75        24

   micro avg       0.68      0.68      0.68        92
   macro avg       0.69      0.68      0.68        92
weighted avg       0.70      0.68      0.69        92
=====================================================
Epoch: 65
[[22  2  3  0]
 [ 3  9  7  1]
 [ 0  1 20  0]
 [ 0  0  8 16]]
OA: 72%
Cohen's kappa: 0.63
              precision    recall  f1-score   support

           0       0.88      0.81      0.85        27
           1       0.75      0.45      0.56        20
           2       0.53      0.95      0.68        21
           3       0.94      0.67      0.78        24

   micro avg       0.73      0.73      0.73        92
   macro avg       0.77      0.72      0.72        92
weighted avg       0.79      0.73      0.73        92
=====================================================
Epoch: 66
[[20  4  3  0]
 [ 3  9  6  2]
 [ 0  2 19  0]
 [ 0  1  8 15]]
OA: 68%
Cohen's kappa: 0.58
              precision    recall  f1-score   support

           0       0.87      0.74      0.80        27
           1       0.56      0.45      0.50        20
           2       0.53      0.90      0.67        21
           3       0.88      0.62      0.73        24

   micro avg       0.68      0.68      0.68        92
   macro avg       0.71      0.68      0.67        92
weighted avg       0.73      0.68      0.69        92
=====================================================
Epoch: 67
[[21  4  2  0]
 [ 4  6  6  4]
 [ 0  1 20  0]
 [ 0  0  4 20]]
OA: 72%
Cohen's kappa: 0.63
              precision    recall  f1-score   support

           0       0.84      0.78      0.81        27
           1       0.55      0.30      0.39        20
           2       0.62      0.95      0.75        21
           3       0.83      0.83      0.83        24

   micro avg       0.73      0.73      0.73        92
   macro avg       0.71      0.72      0.70        92
weighted avg       0.73      0.73      0.71        92
=====================================================
Epoch: 68
[[20  6  1  0]
 [ 3 11  6  0]
 [ 0  3 18  0]
 [ 0  2  5 17]]
OA: 71%
Cohen's kappa: 0.62
              precision    recall  f1-score   support

           0       0.87      0.74      0.80        27
           1       0.50      0.55      0.52        20
           2       0.60      0.86      0.71        21
           3       1.00      0.71      0.83        24

   micro avg       0.72      0.72      0.72        92
   macro avg       0.74      0.71      0.71        92
weighted avg       0.76      0.72      0.73        92
=====================================================
Epoch: 69
[[20  6  1  0]
 [ 2 12  4  2]
 [ 0  3 17  1]
 [ 0  1  5 18]]
OA: 72%
Cohen's kappa: 0.63
              precision    recall  f1-score   support

           0       0.91      0.74      0.82        27
           1       0.55      0.60      0.57        20
           2       0.63      0.81      0.71        21
           3       0.86      0.75      0.80        24

   micro avg       0.73      0.73      0.73        92
   macro avg       0.74      0.73      0.72        92
weighted avg       0.75      0.73      0.73        92
=====================================================
Epoch: 70
[[21  4  1  1]
 [ 2  7  8  3]
 [ 0  0 20  1]
 [ 0  0  7 17]]
OA: 70%
Cohen's kappa: 0.6
              precision    recall  f1-score   support

           0       0.91      0.78      0.84        27
           1       0.64      0.35      0.45        20
           2       0.56      0.95      0.70        21
           3       0.77      0.71      0.74        24

   micro avg       0.71      0.71      0.71        92
   macro avg       0.72      0.70      0.68        92
weighted avg       0.73      0.71      0.70        92
=====================================================
Epoch: 71
[[20  5  2  0]
 [ 2  8  7  3]
 [ 0  4 17  0]
 [ 0  0  6 18]]
OA: 68%
Cohen's kappa: 0.58
              precision    recall  f1-score   support

           0       0.91      0.74      0.82        27
           1       0.47      0.40      0.43        20
           2       0.53      0.81      0.64        21
           3       0.86      0.75      0.80        24

   micro avg       0.68      0.68      0.68        92
   macro avg       0.69      0.68      0.67        92
weighted avg       0.71      0.68      0.69        92
=====================================================
Epoch: 72
[[20  4  3  0]
 [ 4 10  5  1]
 [ 0  2 19  0]
 [ 0  1  5 18]]
OA: 72%
Cohen's kappa: 0.63
              precision    recall  f1-score   support

           0       0.83      0.74      0.78        27
           1       0.59      0.50      0.54        20
           2       0.59      0.90      0.72        21
           3       0.95      0.75      0.84        24

   micro avg       0.73      0.73      0.73        92
   macro avg       0.74      0.72      0.72        92
weighted avg       0.76      0.73      0.73        92
=====================================================
Epoch: 73
[[22  3  1  1]
 [ 2 13  3  2]
 [ 0  2 18  1]
 [ 0  2  5 17]]
OA: 76%
Cohen's kappa: 0.68
              precision    recall  f1-score   support

           0       0.92      0.81      0.86        27
           1       0.65      0.65      0.65        20
           2       0.67      0.86      0.75        21
           3       0.81      0.71      0.76        24

   micro avg       0.76      0.76      0.76        92
   macro avg       0.76      0.76      0.75        92
weighted avg       0.77      0.76      0.76        92
=====================================================
Epoch: 74
[[22  3  2  0]
 [ 5  9  4  2]
 [ 0  2 18  1]
 [ 0  1  4 19]]
OA: 73%
Cohen's kappa: 0.65
              precision    recall  f1-score   support

           0       0.81      0.81      0.81        27
           1       0.60      0.45      0.51        20
           2       0.64      0.86      0.73        21
           3       0.86      0.79      0.83        24

   micro avg       0.74      0.74      0.74        92
   macro avg       0.73      0.73      0.72        92
weighted avg       0.74      0.74      0.73        92
=====================================================
Epoch: 75
[[20  3  2  2]
 [ 3  7  5  5]
 [ 0  1 15  5]
 [ 0  0  3 21]]
OA: 68%
Cohen's kappa: 0.57
              precision    recall  f1-score   support

           0       0.87      0.74      0.80        27
           1       0.64      0.35      0.45        20
           2       0.60      0.71      0.65        21
           3       0.64      0.88      0.74        24

   micro avg       0.68      0.68      0.68        92
   macro avg       0.69      0.67      0.66        92
weighted avg       0.70      0.68      0.67        92
=====================================================
Epoch: 76
[[20  5  1  1]
 [ 1 14  4  1]
 [ 0  1 20  0]
 [ 0  4  8 12]]
OA: 71%
Cohen's kappa: 0.62
              precision    recall  f1-score   support

           0       0.95      0.74      0.83        27
           1       0.58      0.70      0.64        20
           2       0.61      0.95      0.74        21
           3       0.86      0.50      0.63        24

   micro avg       0.72      0.72      0.72        92
   macro avg       0.75      0.72      0.71        92
weighted avg       0.77      0.72      0.72        92
=====================================================
Epoch: 77
[[19  5  2  1]
 [ 3 10  6  1]
 [ 0  1 20  0]
 [ 0  1  8 15]]
OA: 69%
Cohen's kappa: 0.59
              precision    recall  f1-score   support

           0       0.86      0.70      0.78        27
           1       0.59      0.50      0.54        20
           2       0.56      0.95      0.70        21
           3       0.88      0.62      0.73        24

   micro avg       0.70      0.70      0.70        92
   macro avg       0.72      0.70      0.69        92
weighted avg       0.74      0.70      0.70        92
=====================================================
Epoch: 78
[[20  5  2  0]
 [ 2 13  4  1]
 [ 0  1 20  0]
 [ 0  3  6 15]]
OA: 73%
Cohen's kappa: 0.65
              precision    recall  f1-score   support

           0       0.91      0.74      0.82        27
           1       0.59      0.65      0.62        20
           2       0.62      0.95      0.75        21
           3       0.94      0.62      0.75        24

   micro avg       0.74      0.74      0.74        92
   macro avg       0.77      0.74      0.74        92
weighted avg       0.78      0.74      0.74        92
=====================================================
Epoch: 79
[[22  3  2  0]
 [ 1 10  8  1]
 [ 0  1 16  4]
 [ 0  0  4 20]]
OA: 73%
Cohen's kappa: 0.65
              precision    recall  f1-score   support

           0       0.96      0.81      0.88        27
           1       0.71      0.50      0.59        20
           2       0.53      0.76      0.63        21
           3       0.80      0.83      0.82        24

   micro avg       0.74      0.74      0.74        92
   macro avg       0.75      0.73      0.73        92
weighted avg       0.77      0.74      0.74        92
=====================================================
Epoch: 80
[[21  3  2  1]
 [ 3 11  4  2]
 [ 0  1 18  2]
 [ 0  0  3 21]]
OA: 77%
Cohen's kappa: 0.69
              precision    recall  f1-score   support

           0       0.88      0.78      0.82        27
           1       0.73      0.55      0.63        20
           2       0.67      0.86      0.75        21
           3       0.81      0.88      0.84        24

   micro avg       0.77      0.77      0.77        92
   macro avg       0.77      0.76      0.76        92
weighted avg       0.78      0.77      0.77        92
=====================================================
Epoch: 81
[[21  4  2  0]
 [ 2 13  4  1]
 [ 0  3 15  3]
 [ 0  1  7 16]]
OA: 70%
Cohen's kappa: 0.6
              precision    recall  f1-score   support

           0       0.91      0.78      0.84        27
           1       0.62      0.65      0.63        20
           2       0.54      0.71      0.61        21
           3       0.80      0.67      0.73        24

   micro avg       0.71      0.71      0.71        92
   macro avg       0.72      0.70      0.70        92
weighted avg       0.73      0.71      0.71        92
=====================================================
Epoch: 82
[[21  4  2  0]
 [ 3  9  6  2]
 [ 0  1 20  0]
 [ 0  0  8 16]]
OA: 71%
Cohen's kappa: 0.62
              precision    recall  f1-score   support

           0       0.88      0.78      0.82        27
           1       0.64      0.45      0.53        20
           2       0.56      0.95      0.70        21
           3       0.89      0.67      0.76        24

   micro avg       0.72      0.72      0.72        92
   macro avg       0.74      0.71      0.70        92
weighted avg       0.76      0.72      0.72        92
=====================================================
Epoch: 83
[[25  1  1  0]
 [ 3  9  7  1]
 [ 0  1 20  0]
 [ 0  2  8 14]]
OA: 73%
Cohen's kappa: 0.65
              precision    recall  f1-score   support

           0       0.89      0.93      0.91        27
           1       0.69      0.45      0.55        20
           2       0.56      0.95      0.70        21
           3       0.93      0.58      0.72        24

   micro avg       0.74      0.74      0.74        92
   macro avg       0.77      0.73      0.72        92
weighted avg       0.78      0.74      0.73        92
=====================================================
Epoch: 84
[[20  4  1  2]
 [ 2 14  3  1]
 [ 0  2 17  2]
 [ 0  2  6 16]]
OA: 72%
Cohen's kappa: 0.63
              precision    recall  f1-score   support

           0       0.91      0.74      0.82        27
           1       0.64      0.70      0.67        20
           2       0.63      0.81      0.71        21
           3       0.76      0.67      0.71        24

   micro avg       0.73      0.73      0.73        92
   macro avg       0.73      0.73      0.73        92
weighted avg       0.75      0.73      0.73        92
=====================================================
Epoch: 85
[[21  3  3  0]
 [ 2  8  7  3]
 [ 0  2 17  2]
 [ 0  0  6 18]]
OA: 69%
Cohen's kappa: 0.59
              precision    recall  f1-score   support

           0       0.91      0.78      0.84        27
           1       0.62      0.40      0.48        20
           2       0.52      0.81      0.63        21
           3       0.78      0.75      0.77        24

   micro avg       0.70      0.70      0.70        92
   macro avg       0.71      0.68      0.68        92
weighted avg       0.72      0.70      0.70        92
=====================================================
Epoch: 86
[[22  3  2  0]
 [ 2  9  6  3]
 [ 0  2 16  3]
 [ 0  0  5 19]]
OA: 71%
Cohen's kappa: 0.62
              precision    recall  f1-score   support

           0       0.92      0.81      0.86        27
           1       0.64      0.45      0.53        20
           2       0.55      0.76      0.64        21
           3       0.76      0.79      0.78        24

   micro avg       0.72      0.72      0.72        92
   macro avg       0.72      0.70      0.70        92
weighted avg       0.73      0.72      0.72        92
=====================================================
Epoch: 87
[[20  5  2  0]
 [ 2 11  6  1]
 [ 0  2 13  6]
 [ 0  0  3 21]]
OA: 70%
Cohen's kappa: 0.6
              precision    recall  f1-score   support

           0       0.91      0.74      0.82        27
           1       0.61      0.55      0.58        20
           2       0.54      0.62      0.58        21
           3       0.75      0.88      0.81        24

   micro avg       0.71      0.71      0.71        92
   macro avg       0.70      0.70      0.70        92
weighted avg       0.72      0.71      0.71        92
=====================================================
Epoch: 88
[[21  4  2  0]
 [ 2 10  6  2]
 [ 0  2 18  1]
 [ 0  1  2 21]]
OA: 76%
Cohen's kappa: 0.68
              precision    recall  f1-score   support

           0       0.91      0.78      0.84        27
           1       0.59      0.50      0.54        20
           2       0.64      0.86      0.73        21
           3       0.88      0.88      0.88        24

   micro avg       0.76      0.76      0.76        92
   macro avg       0.75      0.75      0.75        92
weighted avg       0.77      0.76      0.76        92
=====================================================
Epoch: 89
[[20  4  3  0]
 [ 2 11  5  2]
 [ 0  3 15  3]
 [ 0  0  3 21]]
OA: 72%
Cohen's kappa: 0.63
              precision    recall  f1-score   support

           0       0.91      0.74      0.82        27
           1       0.61      0.55      0.58        20
           2       0.58      0.71      0.64        21
           3       0.81      0.88      0.84        24

   micro avg       0.73      0.73      0.73        92
   macro avg       0.73      0.72      0.72        92
weighted avg       0.74      0.73      0.73        92
=====================================================
Epoch: 90
[[20  4  3  0]
 [ 2 11  6  1]
 [ 0  2 17  2]
 [ 0  0  4 20]]
OA: 73%
Cohen's kappa: 0.65
              precision    recall  f1-score   support

           0       0.91      0.74      0.82        27
           1       0.65      0.55      0.59        20
           2       0.57      0.81      0.67        21
           3       0.87      0.83      0.85        24

   micro avg       0.74      0.74      0.74        92
   macro avg       0.75      0.73      0.73        92
weighted avg       0.76      0.74      0.74        92
=====================================================
Epoch: 91
[[21  3  2  1]
 [ 3 11  5  1]
 [ 0  1 18  2]
 [ 0  0  1 23]]
OA: 79%
Cohen's kappa: 0.72
              precision    recall  f1-score   support

           0       0.88      0.78      0.82        27
           1       0.73      0.55      0.63        20
           2       0.69      0.86      0.77        21
           3       0.85      0.96      0.90        24

   micro avg       0.79      0.79      0.79        92
   macro avg       0.79      0.79      0.78        92
weighted avg       0.80      0.79      0.79        92
=====================================================
Epoch: 92
[[20  3  3  1]
 [ 3 10  5  2]
 [ 0  1 18  2]
 [ 0  0  8 16]]
OA: 69%
Cohen's kappa: 0.59
              precision    recall  f1-score   support

           0       0.87      0.74      0.80        27
           1       0.71      0.50      0.59        20
           2       0.53      0.86      0.65        21
           3       0.76      0.67      0.71        24

   micro avg       0.70      0.70      0.70        92
   macro avg       0.72      0.69      0.69        92
weighted avg       0.73      0.70      0.70        92
=====================================================
Epoch: 93
[[22  3  2  0]
 [ 2 13  4  1]
 [ 0  1 18  2]
 [ 0  3  3 18]]
OA: 77%
Cohen's kappa: 0.69
              precision    recall  f1-score   support

           0       0.92      0.81      0.86        27
           1       0.65      0.65      0.65        20
           2       0.67      0.86      0.75        21
           3       0.86      0.75      0.80        24

   micro avg       0.77      0.77      0.77        92
   macro avg       0.77      0.77      0.77        92
weighted avg       0.79      0.77      0.77        92
=====================================================
Epoch: 94
[[20  4  2  1]
 [ 2 12  5  1]
 [ 0  1 18  2]
 [ 0  3  6 15]]
OA: 70%
Cohen's kappa: 0.6
              precision    recall  f1-score   support

           0       0.91      0.74      0.82        27
           1       0.60      0.60      0.60        20
           2       0.58      0.86      0.69        21
           3       0.79      0.62      0.70        24

   micro avg       0.71      0.71      0.71        92
   macro avg       0.72      0.71      0.70        92
weighted avg       0.74      0.71      0.71        92
=====================================================
Epoch: 95
[[22  4  1  0]
 [ 1 15  4  0]
 [ 0  1 18  2]
 [ 0  5  7 12]]
OA: 72%
Cohen's kappa: 0.63
              precision    recall  f1-score   support

           0       0.96      0.81      0.88        27
           1       0.60      0.75      0.67        20
           2       0.60      0.86      0.71        21
           3       0.86      0.50      0.63        24

   micro avg       0.73      0.73      0.73        92
   macro avg       0.75      0.73      0.72        92
weighted avg       0.77      0.73      0.73        92
=====================================================
Epoch: 96
[[20  4  1  2]
 [ 3 10  4  3]
 [ 0  0 18  3]
 [ 0  0  3 21]]
OA: 75%
Cohen's kappa: 0.66
              precision    recall  f1-score   support

           0       0.87      0.74      0.80        27
           1       0.71      0.50      0.59        20
           2       0.69      0.86      0.77        21
           3       0.72      0.88      0.79        24

   micro avg       0.75      0.75      0.75        92
   macro avg       0.75      0.74      0.74        92
weighted avg       0.76      0.75      0.74        92
=====================================================
Epoch: 97
[[19  5  1  2]
 [ 1 16  2  1]
 [ 0  2 16  3]
 [ 0  2  5 17]]
OA: 73%
Cohen's kappa: 0.65
              precision    recall  f1-score   support

           0       0.95      0.70      0.81        27
           1       0.64      0.80      0.71        20
           2       0.67      0.76      0.71        21
           3       0.74      0.71      0.72        24

   micro avg       0.74      0.74      0.74        92
   macro avg       0.75      0.74      0.74        92
weighted avg       0.76      0.74      0.74        92
=====================================================
Epoch: 98
[[19  5  1  2]
 [ 0 14  5  1]
 [ 0  1 16  4]
 [ 0  3  3 18]]
OA: 72%
Cohen's kappa: 0.63
              precision    recall  f1-score   support

           0       1.00      0.70      0.83        27
           1       0.61      0.70      0.65        20
           2       0.64      0.76      0.70        21
           3       0.72      0.75      0.73        24

   micro avg       0.73      0.73      0.73        92
   macro avg       0.74      0.73      0.73        92
weighted avg       0.76      0.73      0.73        92
=====================================================
Epoch: 99
[[20  4  1  2]
 [ 4 11  3  2]
 [ 0  2 14  5]
 [ 0  2  2 20]]
OA: 70%
Cohen's kappa: 0.6
              precision    recall  f1-score   support

           0       0.83      0.74      0.78        27
           1       0.58      0.55      0.56        20
           2       0.70      0.67      0.68        21
           3       0.69      0.83      0.75        24

   micro avg       0.71      0.71      0.71        92
   macro avg       0.70      0.70      0.70        92
weighted avg       0.71      0.71      0.71        92
=====================================================
Epoch: 100
[[21  3  1  2]
 [ 1 12  4  3]
 [ 0  2 12  7]
 [ 0  1  3 20]]
OA: 70%
Cohen's kappa: 0.6
              precision    recall  f1-score   support

           0       0.95      0.78      0.86        27
           1       0.67      0.60      0.63        20
           2       0.60      0.57      0.59        21
           3       0.62      0.83      0.71        24

   micro avg       0.71      0.71      0.71        92
   macro avg       0.71      0.70      0.70        92
weighted avg       0.73      0.71      0.71        92
