=====================================================
Epoch: 1
[[14  5  3  5]
 [ 2  4 12  2]
 [ 0  1 18  2]
 [ 1 10 12  1]]
OA: 40%
Cohen's kappa: 0.21
              precision    recall  f1-score   support

           0       0.82      0.52      0.64        27
           1       0.20      0.20      0.20        20
           2       0.40      0.86      0.55        21
           3       0.10      0.04      0.06        24

   micro avg       0.40      0.40      0.40        92
   macro avg       0.38      0.40      0.36        92
weighted avg       0.40      0.40      0.37        92
=====================================================
Epoch: 2
[[14  5  6  2]
 [ 1  3 13  3]
 [ 0  1 20  0]
 [ 1  2 16  5]]
OA: 45%
Cohen's kappa: 0.28
              precision    recall  f1-score   support

           0       0.88      0.52      0.65        27
           1       0.27      0.15      0.19        20
           2       0.36      0.95      0.53        21
           3       0.50      0.21      0.29        24

   micro avg       0.46      0.46      0.46        92
   macro avg       0.50      0.46      0.42        92
weighted avg       0.53      0.46      0.43        92
=====================================================
Epoch: 3
[[13 11  0  3]
 [ 1 11  2  6]
 [ 0  6 10  5]
 [ 0  7  3 14]]
OA: 52%
Cohen's kappa: 0.36
              precision    recall  f1-score   support

           0       0.93      0.48      0.63        27
           1       0.31      0.55      0.40        20
           2       0.67      0.48      0.56        21
           3       0.50      0.58      0.54        24

   micro avg       0.52      0.52      0.52        92
   macro avg       0.60      0.52      0.53        92
weighted avg       0.62      0.52      0.54        92
=====================================================
Epoch: 4
[[24  1  0  2]
 [ 8  4  4  4]
 [ 2  2 10  7]
 [ 4  6  1 13]]
OA: 55%
Cohen's kappa: 0.39
              precision    recall  f1-score   support

           0       0.63      0.89      0.74        27
           1       0.31      0.20      0.24        20
           2       0.67      0.48      0.56        21
           3       0.50      0.54      0.52        24

   micro avg       0.55      0.55      0.55        92
   macro avg       0.53      0.53      0.51        92
weighted avg       0.53      0.55      0.53        92
=====================================================
Epoch: 5
[[11 15  0  1]
 [ 2 18  0  0]
 [ 0 16  4  1]
 [ 2  7  9  6]]
OA: 42%
Cohen's kappa: 0.24
              precision    recall  f1-score   support

           0       0.73      0.41      0.52        27
           1       0.32      0.90      0.47        20
           2       0.31      0.19      0.24        21
           3       0.75      0.25      0.38        24

   micro avg       0.42      0.42      0.42        92
   macro avg       0.53      0.44      0.40        92
weighted avg       0.55      0.42      0.41        92
=====================================================
Epoch: 6
[[14  6  1  6]
 [ 2 11  3  4]
 [ 0  1 18  2]
 [ 0  2  7 15]]
OA: 63%
Cohen's kappa: 0.5
              precision    recall  f1-score   support

           0       0.88      0.52      0.65        27
           1       0.55      0.55      0.55        20
           2       0.62      0.86      0.72        21
           3       0.56      0.62      0.59        24

   micro avg       0.63      0.63      0.63        92
   macro avg       0.65      0.64      0.63        92
weighted avg       0.66      0.63      0.63        92
=====================================================
Epoch: 7
[[19  6  0  2]
 [ 5  5  8  2]
 [ 0  1 15  5]
 [ 3  3  2 16]]
OA: 59%
Cohen's kappa: 0.46
              precision    recall  f1-score   support

           0       0.70      0.70      0.70        27
           1       0.33      0.25      0.29        20
           2       0.60      0.71      0.65        21
           3       0.64      0.67      0.65        24

   micro avg       0.60      0.60      0.60        92
   macro avg       0.57      0.58      0.57        92
weighted avg       0.58      0.60      0.59        92
=====================================================
Epoch: 8
[[20  5  0  2]
 [ 4  8  4  4]
 [ 0  1 15  5]
 [ 4  2  4 14]]
OA: 61%
Cohen's kappa: 0.48
              precision    recall  f1-score   support

           0       0.71      0.74      0.73        27
           1       0.50      0.40      0.44        20
           2       0.65      0.71      0.68        21
           3       0.56      0.58      0.57        24

   micro avg       0.62      0.62      0.62        92
   macro avg       0.61      0.61      0.61        92
weighted avg       0.61      0.62      0.61        92
=====================================================
Epoch: 9
[[13 13  1  0]
 [ 1 13  5  1]
 [ 0  3 16  2]
 [ 1  8  7  8]]
OA: 54%
Cohen's kappa: 0.4
              precision    recall  f1-score   support

           0       0.87      0.48      0.62        27
           1       0.35      0.65      0.46        20
           2       0.55      0.76      0.64        21
           3       0.73      0.33      0.46        24

   micro avg       0.54      0.54      0.54        92
   macro avg       0.62      0.56      0.54        92
weighted avg       0.65      0.54      0.55        92
=====================================================
Epoch: 10
[[17  8  1  1]
 [ 4  7  8  1]
 [ 0  1 20  0]
 [ 2  2 14  6]]
OA: 54%
Cohen's kappa: 0.39
              precision    recall  f1-score   support

           0       0.74      0.63      0.68        27
           1       0.39      0.35      0.37        20
           2       0.47      0.95      0.62        21
           3       0.75      0.25      0.38        24

   micro avg       0.54      0.54      0.54        92
   macro avg       0.59      0.55      0.51        92
weighted avg       0.60      0.54      0.52        92
=====================================================
Epoch: 11
[[22  2  1  2]
 [ 5  6  7  2]
 [ 0  1 17  3]
 [ 1  2 11 10]]
OA: 59%
Cohen's kappa: 0.46
              precision    recall  f1-score   support

           0       0.79      0.81      0.80        27
           1       0.55      0.30      0.39        20
           2       0.47      0.81      0.60        21
           3       0.59      0.42      0.49        24

   micro avg       0.60      0.60      0.60        92
   macro avg       0.60      0.59      0.57        92
weighted avg       0.61      0.60      0.58        92
=====================================================
Epoch: 12
[[20  6  0  1]
 [ 1 15  3  1]
 [ 0  7 12  2]
 [ 2  5  4 13]]
OA: 65%
Cohen's kappa: 0.53
              precision    recall  f1-score   support

           0       0.87      0.74      0.80        27
           1       0.45      0.75      0.57        20
           2       0.63      0.57      0.60        21
           3       0.76      0.54      0.63        24

   micro avg       0.65      0.65      0.65        92
   macro avg       0.68      0.65      0.65        92
weighted avg       0.70      0.65      0.66        92
=====================================================
Epoch: 13
[[21  5  0  1]
 [ 4 14  1  1]
 [ 1  4 12  4]
 [ 3  2  2 17]]
OA: 69%
Cohen's kappa: 0.59
              precision    recall  f1-score   support

           0       0.72      0.78      0.75        27
           1       0.56      0.70      0.62        20
           2       0.80      0.57      0.67        21
           3       0.74      0.71      0.72        24

   micro avg       0.70      0.70      0.70        92
   macro avg       0.71      0.69      0.69        92
weighted avg       0.71      0.70      0.70        92
=====================================================
Epoch: 14
[[22  3  0  2]
 [ 4 13  2  1]
 [ 0  3 17  1]
 [ 2  5  7 10]]
OA: 67%
Cohen's kappa: 0.56
              precision    recall  f1-score   support

           0       0.79      0.81      0.80        27
           1       0.54      0.65      0.59        20
           2       0.65      0.81      0.72        21
           3       0.71      0.42      0.53        24

   micro avg       0.67      0.67      0.67        92
   macro avg       0.67      0.67      0.66        92
weighted avg       0.68      0.67      0.67        92
=====================================================
Epoch: 15
[[19  4  0  4]
 [ 5  9  2  4]
 [ 0  5  9  7]
 [ 2  1  1 20]]
OA: 61%
Cohen's kappa: 0.48
              precision    recall  f1-score   support

           0       0.73      0.70      0.72        27
           1       0.47      0.45      0.46        20
           2       0.75      0.43      0.55        21
           3       0.57      0.83      0.68        24

   micro avg       0.62      0.62      0.62        92
   macro avg       0.63      0.60      0.60        92
weighted avg       0.64      0.62      0.61        92
=====================================================
Epoch: 16
[[13  9  1  4]
 [ 1 11  8  0]
 [ 0  1 19  1]
 [ 0  5 16  3]]
OA: 50%
Cohen's kappa: 0.34
              precision    recall  f1-score   support

           0       0.93      0.48      0.63        27
           1       0.42      0.55      0.48        20
           2       0.43      0.90      0.58        21
           3       0.38      0.12      0.19        24

   micro avg       0.50      0.50      0.50        92
   macro avg       0.54      0.52      0.47        92
weighted avg       0.56      0.50      0.47        92
=====================================================
Epoch: 17
[[21  2  0  4]
 [ 6  8  1  5]
 [ 0  4 11  6]
 [ 2  4  3 15]]
OA: 59%
Cohen's kappa: 0.45
              precision    recall  f1-score   support

           0       0.72      0.78      0.75        27
           1       0.44      0.40      0.42        20
           2       0.73      0.52      0.61        21
           3       0.50      0.62      0.56        24

   micro avg       0.60      0.60      0.60        92
   macro avg       0.60      0.58      0.58        92
weighted avg       0.61      0.60      0.60        92
=====================================================
Epoch: 18
[[20  4  0  3]
 [ 4 11  0  5]
 [ 0  2 13  6]
 [ 1  3  2 18]]
OA: 67%
Cohen's kappa: 0.56
              precision    recall  f1-score   support

           0       0.80      0.74      0.77        27
           1       0.55      0.55      0.55        20
           2       0.87      0.62      0.72        21
           3       0.56      0.75      0.64        24

   micro avg       0.67      0.67      0.67        92
   macro avg       0.69      0.66      0.67        92
weighted avg       0.70      0.67      0.68        92
=====================================================
Epoch: 19
[[16  8  1  2]
 [ 1 19  0  0]
 [ 0  6 14  1]
 [ 0 10  6  8]]
OA: 61%
Cohen's kappa: 0.5
              precision    recall  f1-score   support

           0       0.94      0.59      0.73        27
           1       0.44      0.95      0.60        20
           2       0.67      0.67      0.67        21
           3       0.73      0.33      0.46        24

   micro avg       0.62      0.62      0.62        92
   macro avg       0.69      0.64      0.61        92
weighted avg       0.71      0.62      0.62        92
=====================================================
Epoch: 20
[[14 10  1  2]
 [ 1 10  9  0]
 [ 0  1 20  0]
 [ 0  4 12  8]]
OA: 56%
Cohen's kappa: 0.42
              precision    recall  f1-score   support

           0       0.93      0.52      0.67        27
           1       0.40      0.50      0.44        20
           2       0.48      0.95      0.63        21
           3       0.80      0.33      0.47        24

   micro avg       0.57      0.57      0.57        92
   macro avg       0.65      0.58      0.55        92
weighted avg       0.68      0.57      0.56        92
=====================================================
Epoch: 21
[[22  4  0  1]
 [ 5 12  2  1]
 [ 0  1 13  7]
 [ 2  5  4 13]]
OA: 65%
Cohen's kappa: 0.53
              precision    recall  f1-score   support

           0       0.76      0.81      0.79        27
           1       0.55      0.60      0.57        20
           2       0.68      0.62      0.65        21
           3       0.59      0.54      0.57        24

   micro avg       0.65      0.65      0.65        92
   macro avg       0.64      0.64      0.64        92
weighted avg       0.65      0.65      0.65        92
=====================================================
Epoch: 22
[[18  8  0  1]
 [ 3 15  1  1]
 [ 0  3 18  0]
 [ 0  7  4 13]]
OA: 69%
Cohen's kappa: 0.59
              precision    recall  f1-score   support

           0       0.86      0.67      0.75        27
           1       0.45      0.75      0.57        20
           2       0.78      0.86      0.82        21
           3       0.87      0.54      0.67        24

   micro avg       0.70      0.70      0.70        92
   macro avg       0.74      0.70      0.70        92
weighted avg       0.76      0.70      0.70        92
=====================================================
Epoch: 23
[[16  7  1  3]
 [ 3 12  4  1]
 [ 0  1 18  2]
 [ 0  3  5 16]]
OA: 67%
Cohen's kappa: 0.56
              precision    recall  f1-score   support

           0       0.84      0.59      0.70        27
           1       0.52      0.60      0.56        20
           2       0.64      0.86      0.73        21
           3       0.73      0.67      0.70        24

   micro avg       0.67      0.67      0.67        92
   macro avg       0.68      0.68      0.67        92
weighted avg       0.70      0.67      0.67        92
=====================================================
Epoch: 24
[[19  8  0  0]
 [ 4 12  4  0]
 [ 0  8 12  1]
 [ 2  8  3 11]]
OA: 58%
Cohen's kappa: 0.45
              precision    recall  f1-score   support

           0       0.76      0.70      0.73        27
           1       0.33      0.60      0.43        20
           2       0.63      0.57      0.60        21
           3       0.92      0.46      0.61        24

   micro avg       0.59      0.59      0.59        92
   macro avg       0.66      0.58      0.59        92
weighted avg       0.68      0.59      0.60        92
=====================================================
Epoch: 25
[[18  6  1  2]
 [ 2 13  4  1]
 [ 0  2 16  3]
 [ 0  2  4 18]]
OA: 70%
Cohen's kappa: 0.6
              precision    recall  f1-score   support

           0       0.90      0.67      0.77        27
           1       0.57      0.65      0.60        20
           2       0.64      0.76      0.70        21
           3       0.75      0.75      0.75        24

   micro avg       0.71      0.71      0.71        92
   macro avg       0.71      0.71      0.70        92
weighted avg       0.73      0.71      0.71        92
=====================================================
Epoch: 26
[[19  7  0  1]
 [ 4  9  5  2]
 [ 0  1 19  1]
 [ 0  5  5 14]]
OA: 66%
Cohen's kappa: 0.55
              precision    recall  f1-score   support

           0       0.83      0.70      0.76        27
           1       0.41      0.45      0.43        20
           2       0.66      0.90      0.76        21
           3       0.78      0.58      0.67        24

   micro avg       0.66      0.66      0.66        92
   macro avg       0.67      0.66      0.65        92
weighted avg       0.68      0.66      0.66        92
=====================================================
Epoch: 27
[[13 11  0  3]
 [ 2 16  2  0]
 [ 0  4 17  0]
 [ 1  1  4 18]]
OA: 69%
Cohen's kappa: 0.59
              precision    recall  f1-score   support

           0       0.81      0.48      0.60        27
           1       0.50      0.80      0.62        20
           2       0.74      0.81      0.77        21
           3       0.86      0.75      0.80        24

   micro avg       0.70      0.70      0.70        92
   macro avg       0.73      0.71      0.70        92
weighted avg       0.74      0.70      0.70        92
=====================================================
Epoch: 28
[[13 10  0  4]
 [ 2 15  2  1]
 [ 0  2 17  2]
 [ 0  5  5 14]]
OA: 64%
Cohen's kappa: 0.52
              precision    recall  f1-score   support

           0       0.87      0.48      0.62        27
           1       0.47      0.75      0.58        20
           2       0.71      0.81      0.76        21
           3       0.67      0.58      0.62        24

   micro avg       0.64      0.64      0.64        92
   macro avg       0.68      0.66      0.64        92
weighted avg       0.69      0.64      0.64        92
=====================================================
Epoch: 29
[[14  8  2  3]
 [ 2 13  5  0]
 [ 0  2 17  2]
 [ 0  3  4 17]]
OA: 66%
Cohen's kappa: 0.55
              precision    recall  f1-score   support

           0       0.88      0.52      0.65        27
           1       0.50      0.65      0.57        20
           2       0.61      0.81      0.69        21
           3       0.77      0.71      0.74        24

   micro avg       0.66      0.66      0.66        92
   macro avg       0.69      0.67      0.66        92
weighted avg       0.71      0.66      0.67        92
=====================================================
Epoch: 30
[[14  7  1  5]
 [ 1 15  4  0]
 [ 0  1 18  2]
 [ 0  4  6 14]]
OA: 66%
Cohen's kappa: 0.55
              precision    recall  f1-score   support

           0       0.93      0.52      0.67        27
           1       0.56      0.75      0.64        20
           2       0.62      0.86      0.72        21
           3       0.67      0.58      0.62        24

   micro avg       0.66      0.66      0.66        92
   macro avg       0.69      0.68      0.66        92
weighted avg       0.71      0.66      0.66        92
=====================================================
Epoch: 31
[[15  4  1  7]
 [ 1 11  5  3]
 [ 0  1 16  4]
 [ 0  2  4 18]]
OA: 65%
Cohen's kappa: 0.53
              precision    recall  f1-score   support

           0       0.94      0.56      0.70        27
           1       0.61      0.55      0.58        20
           2       0.62      0.76      0.68        21
           3       0.56      0.75      0.64        24

   micro avg       0.65      0.65      0.65        92
   macro avg       0.68      0.65      0.65        92
weighted avg       0.70      0.65      0.65        92
=====================================================
Epoch: 32
[[16  2  1  8]
 [ 1  7  3  9]
 [ 0  1 12  8]
 [ 0  1  4 19]]
OA: 58%
Cohen's kappa: 0.44
              precision    recall  f1-score   support

           0       0.94      0.59      0.73        27
           1       0.64      0.35      0.45        20
           2       0.60      0.57      0.59        21
           3       0.43      0.79      0.56        24

   micro avg       0.59      0.59      0.59        92
   macro avg       0.65      0.58      0.58        92
weighted avg       0.66      0.59      0.59        92
=====================================================
Epoch: 33
[[12 10  2  3]
 [ 0 16  3  1]
 [ 0  3 16  2]
 [ 0  4  1 19]]
OA: 68%
Cohen's kappa: 0.58
              precision    recall  f1-score   support

           0       1.00      0.44      0.62        27
           1       0.48      0.80      0.60        20
           2       0.73      0.76      0.74        21
           3       0.76      0.79      0.78        24

   micro avg       0.68      0.68      0.68        92
   macro avg       0.74      0.70      0.68        92
weighted avg       0.76      0.68      0.68        92
=====================================================
Epoch: 34
[[21  3  1  2]
 [ 4 10  4  2]
 [ 0  1 19  1]
 [ 1  3  5 15]]
OA: 70%
Cohen's kappa: 0.6
              precision    recall  f1-score   support

           0       0.81      0.78      0.79        27
           1       0.59      0.50      0.54        20
           2       0.66      0.90      0.76        21
           3       0.75      0.62      0.68        24

   micro avg       0.71      0.71      0.71        92
   macro avg       0.70      0.70      0.69        92
weighted avg       0.71      0.71      0.70        92
=====================================================
Epoch: 35
[[18  9  0  0]
 [ 3 15  2  0]
 [ 0  4 16  1]
 [ 1  8  4 11]]
OA: 65%
Cohen's kappa: 0.54
              precision    recall  f1-score   support

           0       0.82      0.67      0.73        27
           1       0.42      0.75      0.54        20
           2       0.73      0.76      0.74        21
           3       0.92      0.46      0.61        24

   micro avg       0.65      0.65      0.65        92
   macro avg       0.72      0.66      0.66        92
weighted avg       0.74      0.65      0.66        92
=====================================================
Epoch: 36
[[18  5  2  2]
 [ 1 16  2  1]
 [ 0  1 19  1]
 [ 0  8  4 12]]
OA: 70%
Cohen's kappa: 0.61
              precision    recall  f1-score   support

           0       0.95      0.67      0.78        27
           1       0.53      0.80      0.64        20
           2       0.70      0.90      0.79        21
           3       0.75      0.50      0.60        24

   micro avg       0.71      0.71      0.71        92
   macro avg       0.73      0.72      0.70        92
weighted avg       0.75      0.71      0.71        92
=====================================================
Epoch: 37
[[16  4  2  5]
 [ 1 14  3  2]
 [ 0  2 18  1]
 [ 0  6  3 15]]
OA: 68%
Cohen's kappa: 0.58
              precision    recall  f1-score   support

           0       0.94      0.59      0.73        27
           1       0.54      0.70      0.61        20
           2       0.69      0.86      0.77        21
           3       0.65      0.62      0.64        24

   micro avg       0.68      0.68      0.68        92
   macro avg       0.71      0.69      0.69        92
weighted avg       0.72      0.68      0.69        92
=====================================================
Epoch: 38
[[14  9  3  1]
 [ 0 14  5  1]
 [ 0  1 20  0]
 [ 0  5  5 14]]
OA: 67%
Cohen's kappa: 0.57
              precision    recall  f1-score   support

           0       1.00      0.52      0.68        27
           1       0.48      0.70      0.57        20
           2       0.61      0.95      0.74        21
           3       0.88      0.58      0.70        24

   micro avg       0.67      0.67      0.67        92
   macro avg       0.74      0.69      0.67        92
weighted avg       0.77      0.67      0.68        92
=====================================================
Epoch: 39
[[18  8  1  0]
 [ 3 15  2  0]
 [ 0  3 18  0]
 [ 0  6  4 14]]
OA: 70%
Cohen's kappa: 0.61
              precision    recall  f1-score   support

           0       0.86      0.67      0.75        27
           1       0.47      0.75      0.58        20
           2       0.72      0.86      0.78        21
           3       1.00      0.58      0.74        24

   micro avg       0.71      0.71      0.71        92
   macro avg       0.76      0.71      0.71        92
weighted avg       0.78      0.71      0.72        92
=====================================================
Epoch: 40
[[19  6  2  0]
 [ 2 16  2  0]
 [ 0  1 20  0]
 [ 0  6  7 11]]
OA: 71%
Cohen's kappa: 0.62
              precision    recall  f1-score   support

           0       0.90      0.70      0.79        27
           1       0.55      0.80      0.65        20
           2       0.65      0.95      0.77        21
           3       1.00      0.46      0.63        24

   micro avg       0.72      0.72      0.72        92
   macro avg       0.78      0.73      0.71        92
weighted avg       0.79      0.72      0.71        92
=====================================================
Epoch: 41
[[18  7  2  0]
 [ 1 16  3  0]
 [ 0  1 19  1]
 [ 0  6  5 13]]
OA: 71%
Cohen's kappa: 0.62
              precision    recall  f1-score   support

           0       0.95      0.67      0.78        27
           1       0.53      0.80      0.64        20
           2       0.66      0.90      0.76        21
           3       0.93      0.54      0.68        24

   micro avg       0.72      0.72      0.72        92
   macro avg       0.77      0.73      0.72        92
weighted avg       0.79      0.72      0.72        92
=====================================================
Epoch: 42
[[17  4  1  5]
 [ 2 13  2  3]
 [ 0  1 16  4]
 [ 0  3  1 20]]
OA: 71%
Cohen's kappa: 0.62
              precision    recall  f1-score   support

           0       0.89      0.63      0.74        27
           1       0.62      0.65      0.63        20
           2       0.80      0.76      0.78        21
           3       0.62      0.83      0.71        24

   micro avg       0.72      0.72      0.72        92
   macro avg       0.73      0.72      0.72        92
weighted avg       0.74      0.72      0.72        92
=====================================================
Epoch: 43
[[22  2  2  1]
 [ 5  9  4  2]
 [ 1  2 17  1]
 [ 0  3  4 17]]
OA: 70%
Cohen's kappa: 0.6
              precision    recall  f1-score   support

           0       0.79      0.81      0.80        27
           1       0.56      0.45      0.50        20
           2       0.63      0.81      0.71        21
           3       0.81      0.71      0.76        24

   micro avg       0.71      0.71      0.71        92
   macro avg       0.70      0.70      0.69        92
weighted avg       0.71      0.71      0.70        92
=====================================================
Epoch: 44
[[15  9  3  0]
 [ 1 18  1  0]
 [ 0  3 18  0]
 [ 0 10  7  7]]
OA: 63%
Cohen's kappa: 0.51
              precision    recall  f1-score   support

           0       0.94      0.56      0.70        27
           1       0.45      0.90      0.60        20
           2       0.62      0.86      0.72        21
           3       1.00      0.29      0.45        24

   micro avg       0.63      0.63      0.63        92
   macro avg       0.75      0.65      0.62        92
weighted avg       0.78      0.63      0.62        92
=====================================================
Epoch: 45
[[12  9  4  2]
 [ 1 17  2  0]
 [ 0  1 19  1]
 [ 0  3  6 15]]
OA: 68%
Cohen's kappa: 0.58
              precision    recall  f1-score   support

           0       0.92      0.44      0.60        27
           1       0.57      0.85      0.68        20
           2       0.61      0.90      0.73        21
           3       0.83      0.62      0.71        24

   micro avg       0.68      0.68      0.68        92
   macro avg       0.73      0.71      0.68        92
weighted avg       0.75      0.68      0.68        92
=====================================================
Epoch: 46
[[17  5  4  1]
 [ 3 10  7  0]
 [ 0  0 19  2]
 [ 0  5  5 14]]
OA: 65%
Cohen's kappa: 0.53
              precision    recall  f1-score   support

           0       0.85      0.63      0.72        27
           1       0.50      0.50      0.50        20
           2       0.54      0.90      0.68        21
           3       0.82      0.58      0.68        24

   micro avg       0.65      0.65      0.65        92
   macro avg       0.68      0.65      0.65        92
weighted avg       0.70      0.65      0.65        92
=====================================================
Epoch: 47
[[16  6  0  5]
 [ 1 14  2  3]
 [ 0  1 18  2]
 [ 0  1  5 18]]
OA: 71%
Cohen's kappa: 0.62
              precision    recall  f1-score   support

           0       0.94      0.59      0.73        27
           1       0.64      0.70      0.67        20
           2       0.72      0.86      0.78        21
           3       0.64      0.75      0.69        24

   micro avg       0.72      0.72      0.72        92
   macro avg       0.74      0.72      0.72        92
weighted avg       0.75      0.72      0.72        92
=====================================================
Epoch: 48
[[19  3  5  0]
 [ 1 13  5  1]
 [ 0  2 19  0]
 [ 1  5  9  9]]
OA: 65%
Cohen's kappa: 0.53
              precision    recall  f1-score   support

           0       0.90      0.70      0.79        27
           1       0.57      0.65      0.60        20
           2       0.50      0.90      0.64        21
           3       0.90      0.38      0.53        24

   micro avg       0.65      0.65      0.65        92
   macro avg       0.72      0.66      0.64        92
weighted avg       0.74      0.65      0.65        92
=====================================================
Epoch: 49
[[14 13  0  0]
 [ 0 19  1  0]
 [ 0  3 17  1]
 [ 1 11  3  9]]
OA: 64%
Cohen's kappa: 0.52
              precision    recall  f1-score   support

           0       0.93      0.52      0.67        27
           1       0.41      0.95      0.58        20
           2       0.81      0.81      0.81        21
           3       0.90      0.38      0.53        24

   micro avg       0.64      0.64      0.64        92
   macro avg       0.76      0.66      0.65        92
weighted avg       0.78      0.64      0.64        92
=====================================================
Epoch: 50
[[16 10  0  1]
 [ 0 17  1  2]
 [ 0  1 17  3]
 [ 0  6  1 17]]
OA: 72%
Cohen's kappa: 0.64
              precision    recall  f1-score   support

           0       1.00      0.59      0.74        27
           1       0.50      0.85      0.63        20
           2       0.89      0.81      0.85        21
           3       0.74      0.71      0.72        24

   micro avg       0.73      0.73      0.73        92
   macro avg       0.78      0.74      0.74        92
weighted avg       0.80      0.73      0.74        92
=====================================================
Epoch: 51
[[25  1  0  1]
 [ 4 12  3  1]
 [ 2  0 17  2]
 [ 2  4  2 16]]
OA: 76%
Cohen's kappa: 0.67
              precision    recall  f1-score   support

           0       0.76      0.93      0.83        27
           1       0.71      0.60      0.65        20
           2       0.77      0.81      0.79        21
           3       0.80      0.67      0.73        24

   micro avg       0.76      0.76      0.76        92
   macro avg       0.76      0.75      0.75        92
weighted avg       0.76      0.76      0.76        92
=====================================================
Epoch: 52
[[21  2  0  4]
 [ 1 14  3  2]
 [ 1  0 20  0]
 [ 0  2 10 12]]
OA: 72%
Cohen's kappa: 0.63
              precision    recall  f1-score   support

           0       0.91      0.78      0.84        27
           1       0.78      0.70      0.74        20
           2       0.61      0.95      0.74        21
           3       0.67      0.50      0.57        24

   micro avg       0.73      0.73      0.73        92
   macro avg       0.74      0.73      0.72        92
weighted avg       0.75      0.73      0.72        92
=====================================================
Epoch: 53
[[18  8  1  0]
 [ 2 13  2  3]
 [ 0  1 20  0]
 [ 0  5  9 10]]
OA: 66%
Cohen's kappa: 0.55
              precision    recall  f1-score   support

           0       0.90      0.67      0.77        27
           1       0.48      0.65      0.55        20
           2       0.62      0.95      0.75        21
           3       0.77      0.42      0.54        24

   micro avg       0.66      0.66      0.66        92
   macro avg       0.69      0.67      0.65        92
weighted avg       0.71      0.66      0.66        92
=====================================================
Epoch: 54
[[17  9  1  0]
 [ 3 14  3  0]
 [ 1  0 19  1]
 [ 0  4  8 12]]
OA: 67%
Cohen's kappa: 0.56
              precision    recall  f1-score   support

           0       0.81      0.63      0.71        27
           1       0.52      0.70      0.60        20
           2       0.61      0.90      0.73        21
           3       0.92      0.50      0.65        24

   micro avg       0.67      0.67      0.67        92
   macro avg       0.72      0.68      0.67        92
weighted avg       0.73      0.67      0.67        92
=====================================================
Epoch: 55
[[16  6  3  2]
 [ 3 10  3  4]
 [ 0  1 18  2]
 [ 0  3  8 13]]
OA: 61%
Cohen's kappa: 0.49
              precision    recall  f1-score   support

           0       0.84      0.59      0.70        27
           1       0.50      0.50      0.50        20
           2       0.56      0.86      0.68        21
           3       0.62      0.54      0.58        24

   micro avg       0.62      0.62      0.62        92
   macro avg       0.63      0.62      0.61        92
weighted avg       0.65      0.62      0.62        92
=====================================================
Epoch: 56
[[20  6  1  0]
 [ 3 12  2  3]
 [ 0  1 19  1]
 [ 0  6  6 12]]
OA: 68%
Cohen's kappa: 0.58
              precision    recall  f1-score   support

           0       0.87      0.74      0.80        27
           1       0.48      0.60      0.53        20
           2       0.68      0.90      0.78        21
           3       0.75      0.50      0.60        24

   micro avg       0.68      0.68      0.68        92
   macro avg       0.69      0.69      0.68        92
weighted avg       0.71      0.68      0.68        92
=====================================================
Epoch: 57
[[20  5  0  2]
 [ 4 15  1  0]
 [ 0  1 16  4]
 [ 0  4  2 18]]
OA: 75%
Cohen's kappa: 0.66
              precision    recall  f1-score   support

           0       0.83      0.74      0.78        27
           1       0.60      0.75      0.67        20
           2       0.84      0.76      0.80        21
           3       0.75      0.75      0.75        24

   micro avg       0.75      0.75      0.75        92
   macro avg       0.76      0.75      0.75        92
weighted avg       0.76      0.75      0.75        92
=====================================================
Epoch: 58
[[18  6  3  0]
 [ 3 14  2  1]
 [ 0  1 19  1]
 [ 0  4  7 13]]
OA: 69%
Cohen's kappa: 0.59
              precision    recall  f1-score   support

           0       0.86      0.67      0.75        27
           1       0.56      0.70      0.62        20
           2       0.61      0.90      0.73        21
           3       0.87      0.54      0.67        24

   micro avg       0.70      0.70      0.70        92
   macro avg       0.72      0.70      0.69        92
weighted avg       0.74      0.70      0.70        92
=====================================================
Epoch: 59
[[19  2  2  4]
 [ 4 12  3  1]
 [ 1  0 18  2]
 [ 0  4  5 15]]
OA: 69%
Cohen's kappa: 0.59
              precision    recall  f1-score   support

           0       0.79      0.70      0.75        27
           1       0.67      0.60      0.63        20
           2       0.64      0.86      0.73        21
           3       0.68      0.62      0.65        24

   micro avg       0.70      0.70      0.70        92
   macro avg       0.70      0.70      0.69        92
weighted avg       0.70      0.70      0.69        92
=====================================================
Epoch: 60
[[11  8  1  7]
 [ 1 14  1  4]
 [ 0  1 18  2]
 [ 0  2  1 21]]
OA: 69%
Cohen's kappa: 0.59
              precision    recall  f1-score   support

           0       0.92      0.41      0.56        27
           1       0.56      0.70      0.62        20
           2       0.86      0.86      0.86        21
           3       0.62      0.88      0.72        24

   micro avg       0.70      0.70      0.70        92
   macro avg       0.74      0.71      0.69        92
weighted avg       0.75      0.70      0.69        92
=====================================================
Epoch: 61
[[23  1  3  0]
 [ 5 12  3  0]
 [ 1  0 18  2]
 [ 1  2 10 11]]
OA: 69%
Cohen's kappa: 0.59
              precision    recall  f1-score   support

           0       0.77      0.85      0.81        27
           1       0.80      0.60      0.69        20
           2       0.53      0.86      0.65        21
           3       0.85      0.46      0.59        24

   micro avg       0.70      0.70      0.70        92
   macro avg       0.74      0.69      0.69        92
weighted avg       0.74      0.70      0.69        92
=====================================================
Epoch: 62
[[21  6  0  0]
 [ 5 11  4  0]
 [ 1  0 18  2]
 [ 1  3  3 17]]
OA: 72%
Cohen's kappa: 0.63
              precision    recall  f1-score   support

           0       0.75      0.78      0.76        27
           1       0.55      0.55      0.55        20
           2       0.72      0.86      0.78        21
           3       0.89      0.71      0.79        24

   micro avg       0.73      0.73      0.73        92
   macro avg       0.73      0.72      0.72        92
weighted avg       0.74      0.73      0.73        92
=====================================================
Epoch: 63
[[16  8  1  2]
 [ 0 16  3  1]
 [ 1  0 18  2]
 [ 0  4  2 18]]
OA: 73%
Cohen's kappa: 0.65
              precision    recall  f1-score   support

           0       0.94      0.59      0.73        27
           1       0.57      0.80      0.67        20
           2       0.75      0.86      0.80        21
           3       0.78      0.75      0.77        24

   micro avg       0.74      0.74      0.74        92
   macro avg       0.76      0.75      0.74        92
weighted avg       0.78      0.74      0.74        92
=====================================================
Epoch: 64
[[21  4  2  0]
 [ 4 13  3  0]
 [ 1  0 19  1]
 [ 1  2  9 12]]
OA: 70%
Cohen's kappa: 0.6
              precision    recall  f1-score   support

           0       0.78      0.78      0.78        27
           1       0.68      0.65      0.67        20
           2       0.58      0.90      0.70        21
           3       0.92      0.50      0.65        24

   micro avg       0.71      0.71      0.71        92
   macro avg       0.74      0.71      0.70        92
weighted avg       0.75      0.71      0.70        92
=====================================================
Epoch: 65
[[20  1  2  4]
 [ 2 10  5  3]
 [ 0  1 18  2]
 [ 0  1  5 18]]
OA: 71%
Cohen's kappa: 0.62
              precision    recall  f1-score   support

           0       0.91      0.74      0.82        27
           1       0.77      0.50      0.61        20
           2       0.60      0.86      0.71        21
           3       0.67      0.75      0.71        24

   micro avg       0.72      0.72      0.72        92
   macro avg       0.74      0.71      0.71        92
weighted avg       0.74      0.72      0.72        92
=====================================================
Epoch: 66
[[19  3  5  0]
 [ 2 11  6  1]
 [ 1  0 19  1]
 [ 0  0 14 10]]
OA: 64%
Cohen's kappa: 0.52
              precision    recall  f1-score   support

           0       0.86      0.70      0.78        27
           1       0.79      0.55      0.65        20
           2       0.43      0.90      0.58        21
           3       0.83      0.42      0.56        24

   micro avg       0.64      0.64      0.64        92
   macro avg       0.73      0.64      0.64        92
weighted avg       0.74      0.64      0.65        92
=====================================================
Epoch: 67
[[22  3  2  0]
 [ 1 13  5  1]
 [ 0  1 18  2]
 [ 0  3  4 17]]
OA: 76%
Cohen's kappa: 0.68
              precision    recall  f1-score   support

           0       0.96      0.81      0.88        27
           1       0.65      0.65      0.65        20
           2       0.62      0.86      0.72        21
           3       0.85      0.71      0.77        24

   micro avg       0.76      0.76      0.76        92
   macro avg       0.77      0.76      0.76        92
weighted avg       0.79      0.76      0.77        92
=====================================================
Epoch: 68
[[ 7 18  1  1]
 [ 0 18  2  0]
 [ 0  2 18  1]
 [ 0  5  4 15]]
OA: 63%
Cohen's kappa: 0.51
              precision    recall  f1-score   support

           0       1.00      0.26      0.41        27
           1       0.42      0.90      0.57        20
           2       0.72      0.86      0.78        21
           3       0.88      0.62      0.73        24

   micro avg       0.63      0.63      0.63        92
   macro avg       0.76      0.66      0.62        92
weighted avg       0.78      0.63      0.61        92
=====================================================
Epoch: 69
[[22  4  1  0]
 [ 0 17  3  0]
 [ 0  1 18  2]
 [ 0  4  3 17]]
OA: 80%
Cohen's kappa: 0.73
              precision    recall  f1-score   support

           0       1.00      0.81      0.90        27
           1       0.65      0.85      0.74        20
           2       0.72      0.86      0.78        21
           3       0.89      0.71      0.79        24

   micro avg       0.80      0.80      0.80        92
   macro avg       0.82      0.81      0.80        92
weighted avg       0.83      0.80      0.81        92
=====================================================
Epoch: 70
[[21  3  1  2]
 [ 1 13  5  1]
 [ 0  1 17  3]
 [ 0  2  2 20]]
OA: 77%
Cohen's kappa: 0.69
              precision    recall  f1-score   support

           0       0.95      0.78      0.86        27
           1       0.68      0.65      0.67        20
           2       0.68      0.81      0.74        21
           3       0.77      0.83      0.80        24

   micro avg       0.77      0.77      0.77        92
   macro avg       0.77      0.77      0.77        92
weighted avg       0.78      0.77      0.77        92
=====================================================
Epoch: 71
[[22  4  1  0]
 [ 1 15  3  1]
 [ 0  1 18  2]
 [ 0  5  3 16]]
OA: 77%
Cohen's kappa: 0.69
              precision    recall  f1-score   support

           0       0.96      0.81      0.88        27
           1       0.60      0.75      0.67        20
           2       0.72      0.86      0.78        21
           3       0.84      0.67      0.74        24

   micro avg       0.77      0.77      0.77        92
   macro avg       0.78      0.77      0.77        92
weighted avg       0.80      0.77      0.78        92
=====================================================
Epoch: 72
[[20  5  1  1]
 [ 1 14  5  0]
 [ 0  1 18  2]
 [ 0  3  2 19]]
OA: 77%
Cohen's kappa: 0.69
              precision    recall  f1-score   support

           0       0.95      0.74      0.83        27
           1       0.61      0.70      0.65        20
           2       0.69      0.86      0.77        21
           3       0.86      0.79      0.83        24

   micro avg       0.77      0.77      0.77        92
   macro avg       0.78      0.77      0.77        92
weighted avg       0.80      0.77      0.78        92
=====================================================
Epoch: 73
[[17  4  2  4]
 [ 1 14  4  1]
 [ 1  0 18  2]
 [ 0  3  5 16]]
OA: 70%
Cohen's kappa: 0.61
              precision    recall  f1-score   support

           0       0.89      0.63      0.74        27
           1       0.67      0.70      0.68        20
           2       0.62      0.86      0.72        21
           3       0.70      0.67      0.68        24

   micro avg       0.71      0.71      0.71        92
   macro avg       0.72      0.71      0.71        92
weighted avg       0.73      0.71      0.71        92
=====================================================
Epoch: 74
[[18  7  0  2]
 [ 1 17  2  0]
 [ 0  1 18  2]
 [ 0  5  3 16]]
OA: 75%
Cohen's kappa: 0.66
              precision    recall  f1-score   support

           0       0.95      0.67      0.78        27
           1       0.57      0.85      0.68        20
           2       0.78      0.86      0.82        21
           3       0.80      0.67      0.73        24

   micro avg       0.75      0.75      0.75        92
   macro avg       0.77      0.76      0.75        92
weighted avg       0.79      0.75      0.75        92
=====================================================
Epoch: 75
[[17  8  0  2]
 [ 0 16  3  1]
 [ 0  1 18  2]
 [ 0  5  1 18]]
OA: 75%
Cohen's kappa: 0.66
              precision    recall  f1-score   support

           0       1.00      0.63      0.77        27
           1       0.53      0.80      0.64        20
           2       0.82      0.86      0.84        21
           3       0.78      0.75      0.77        24

   micro avg       0.75      0.75      0.75        92
   macro avg       0.78      0.76      0.75        92
weighted avg       0.80      0.75      0.76        92
=====================================================
Epoch: 76
[[23  4  0  0]
 [ 3 11  4  2]
 [ 0  2 17  2]
 [ 0  4  2 18]]
OA: 75%
Cohen's kappa: 0.66
              precision    recall  f1-score   support

           0       0.88      0.85      0.87        27
           1       0.52      0.55      0.54        20
           2       0.74      0.81      0.77        21
           3       0.82      0.75      0.78        24

   micro avg       0.75      0.75      0.75        92
   macro avg       0.74      0.74      0.74        92
weighted avg       0.76      0.75      0.75        92
=====================================================
Epoch: 77
[[20  4  3  0]
 [ 3 11  5  1]
 [ 0  1 19  1]
 [ 0  4  4 16]]
OA: 71%
Cohen's kappa: 0.62
              precision    recall  f1-score   support

           0       0.87      0.74      0.80        27
           1       0.55      0.55      0.55        20
           2       0.61      0.90      0.73        21
           3       0.89      0.67      0.76        24

   micro avg       0.72      0.72      0.72        92
   macro avg       0.73      0.72      0.71        92
weighted avg       0.75      0.72      0.72        92
=====================================================
Epoch: 78
[[16  9  0  2]
 [ 1 17  1  1]
 [ 0  1 17  3]
 [ 0  3  1 20]]
OA: 76%
Cohen's kappa: 0.68
              precision    recall  f1-score   support

           0       0.94      0.59      0.73        27
           1       0.57      0.85      0.68        20
           2       0.89      0.81      0.85        21
           3       0.77      0.83      0.80        24

   micro avg       0.76      0.76      0.76        92
   macro avg       0.79      0.77      0.76        92
weighted avg       0.80      0.76      0.76        92
=====================================================
Epoch: 79
[[18  4  1  4]
 [ 2 11  6  1]
 [ 0  1 17  3]
 [ 0  3  2 19]]
OA: 70%
Cohen's kappa: 0.6
              precision    recall  f1-score   support

           0       0.90      0.67      0.77        27
           1       0.58      0.55      0.56        20
           2       0.65      0.81      0.72        21
           3       0.70      0.79      0.75        24

   micro avg       0.71      0.71      0.71        92
   macro avg       0.71      0.70      0.70        92
weighted avg       0.72      0.71      0.71        92
=====================================================
Epoch: 80
[[19  7  0  1]
 [ 2 16  2  0]
 [ 0  1 18  2]
 [ 0  4  2 18]]
OA: 77%
Cohen's kappa: 0.69
              precision    recall  f1-score   support

           0       0.90      0.70      0.79        27
           1       0.57      0.80      0.67        20
           2       0.82      0.86      0.84        21
           3       0.86      0.75      0.80        24

   micro avg       0.77      0.77      0.77        92
   macro avg       0.79      0.78      0.77        92
weighted avg       0.80      0.77      0.78        92
=====================================================
Epoch: 81
[[18  5  3  1]
 [ 0 15  4  1]
 [ 0  1 18  2]
 [ 0  2  3 19]]
OA: 76%
Cohen's kappa: 0.68
              precision    recall  f1-score   support

           0       1.00      0.67      0.80        27
           1       0.65      0.75      0.70        20
           2       0.64      0.86      0.73        21
           3       0.83      0.79      0.81        24

   micro avg       0.76      0.76      0.76        92
   macro avg       0.78      0.77      0.76        92
weighted avg       0.80      0.76      0.77        92
=====================================================
Epoch: 82
[[23  1  3  0]
 [ 5 11  4  0]
 [ 1  0 19  1]
 [ 1  2  7 14]]
OA: 72%
Cohen's kappa: 0.63
              precision    recall  f1-score   support

           0       0.77      0.85      0.81        27
           1       0.79      0.55      0.65        20
           2       0.58      0.90      0.70        21
           3       0.93      0.58      0.72        24

   micro avg       0.73      0.73      0.73        92
   macro avg       0.77      0.72      0.72        92
weighted avg       0.77      0.73      0.73        92
=====================================================
Epoch: 83
[[20  5  1  1]
 [ 3 11  5  1]
 [ 1  0 18  2]
 [ 0  3  4 17]]
OA: 71%
Cohen's kappa: 0.62
              precision    recall  f1-score   support

           0       0.83      0.74      0.78        27
           1       0.58      0.55      0.56        20
           2       0.64      0.86      0.73        21
           3       0.81      0.71      0.76        24

   micro avg       0.72      0.72      0.72        92
   macro avg       0.72      0.71      0.71        92
weighted avg       0.73      0.72      0.72        92
=====================================================
Epoch: 84
[[22  2  3  0]
 [ 5  9  5  1]
 [ 1  0 18  2]
 [ 0  3  5 16]]
OA: 70%
Cohen's kappa: 0.6
              precision    recall  f1-score   support

           0       0.79      0.81      0.80        27
           1       0.64      0.45      0.53        20
           2       0.58      0.86      0.69        21
           3       0.84      0.67      0.74        24

   micro avg       0.71      0.71      0.71        92
   macro avg       0.71      0.70      0.69        92
weighted avg       0.72      0.71      0.70        92
=====================================================
Epoch: 85
[[15  9  1  2]
 [ 2 15  3  0]
 [ 0  1 17  3]
 [ 0  4  2 18]]
OA: 70%
Cohen's kappa: 0.61
              precision    recall  f1-score   support

           0       0.88      0.56      0.68        27
           1       0.52      0.75      0.61        20
           2       0.74      0.81      0.77        21
           3       0.78      0.75      0.77        24

   micro avg       0.71      0.71      0.71        92
   macro avg       0.73      0.72      0.71        92
weighted avg       0.74      0.71      0.71        92
=====================================================
Epoch: 86
[[22  1  3  1]
 [ 5 11  4  0]
 [ 0  1 19  1]
 [ 1  1  6 16]]
OA: 73%
Cohen's kappa: 0.65
              precision    recall  f1-score   support

           0       0.79      0.81      0.80        27
           1       0.79      0.55      0.65        20
           2       0.59      0.90      0.72        21
           3       0.89      0.67      0.76        24

   micro avg       0.74      0.74      0.74        92
   macro avg       0.76      0.73      0.73        92
weighted avg       0.77      0.74      0.74        92
=====================================================
Epoch: 87
[[17 10  0  0]
 [ 1 15  4  0]
 [ 0  1 20  0]
 [ 0  3  5 16]]
OA: 73%
Cohen's kappa: 0.65
              precision    recall  f1-score   support

           0       0.94      0.63      0.76        27
           1       0.52      0.75      0.61        20
           2       0.69      0.95      0.80        21
           3       1.00      0.67      0.80        24

   micro avg       0.74      0.74      0.74        92
   macro avg       0.79      0.75      0.74        92
weighted avg       0.81      0.74      0.75        92
=====================================================
Epoch: 88
[[16  3  1  7]
 [ 3 11  5  1]
 [ 1  0 18  2]
 [ 0  0  4 20]]
OA: 70%
Cohen's kappa: 0.6
              precision    recall  f1-score   support

           0       0.80      0.59      0.68        27
           1       0.79      0.55      0.65        20
           2       0.64      0.86      0.73        21
           3       0.67      0.83      0.74        24

   micro avg       0.71      0.71      0.71        92
   macro avg       0.72      0.71      0.70        92
weighted avg       0.73      0.71      0.70        92
=====================================================
Epoch: 89
[[17  7  2  1]
 [ 1 14  5  0]
 [ 0  1 19  1]
 [ 0  3  8 13]]
OA: 68%
Cohen's kappa: 0.58
              precision    recall  f1-score   support

           0       0.94      0.63      0.76        27
           1       0.56      0.70      0.62        20
           2       0.56      0.90      0.69        21
           3       0.87      0.54      0.67        24

   micro avg       0.68      0.68      0.68        92
   macro avg       0.73      0.69      0.68        92
weighted avg       0.75      0.68      0.69        92
=====================================================
Epoch: 90
[[16  2  8  1]
 [ 4  9  6  1]
 [ 1  0 19  1]
 [ 0  2  9 13]]
OA: 61%
Cohen's kappa: 0.49
              precision    recall  f1-score   support

           0       0.76      0.59      0.67        27
           1       0.69      0.45      0.55        20
           2       0.45      0.90      0.60        21
           3       0.81      0.54      0.65        24

   micro avg       0.62      0.62      0.62        92
   macro avg       0.68      0.62      0.62        92
weighted avg       0.69      0.62      0.62        92
=====================================================
Epoch: 91
[[18  5  2  2]
 [ 3 12  5  0]
 [ 0  1 18  2]
 [ 0  0  5 19]]
OA: 72%
Cohen's kappa: 0.63
              precision    recall  f1-score   support

           0       0.86      0.67      0.75        27
           1       0.67      0.60      0.63        20
           2       0.60      0.86      0.71        21
           3       0.83      0.79      0.81        24

   micro avg       0.73      0.73      0.73        92
   macro avg       0.74      0.73      0.72        92
weighted avg       0.75      0.73      0.73        92
=====================================================
Epoch: 92
[[19  5  1  2]
 [ 4 11  5  0]
 [ 1  0 19  1]
 [ 0  3  5 16]]
OA: 70%
Cohen's kappa: 0.6
              precision    recall  f1-score   support

           0       0.79      0.70      0.75        27
           1       0.58      0.55      0.56        20
           2       0.63      0.90      0.75        21
           3       0.84      0.67      0.74        24

   micro avg       0.71      0.71      0.71        92
   macro avg       0.71      0.71      0.70        92
weighted avg       0.72      0.71      0.71        92
=====================================================
Epoch: 93
[[19  6  2  0]
 [ 4 11  5  0]
 [ 0  1 20  0]
 [ 1  7  6 10]]
OA: 65%
Cohen's kappa: 0.53
              precision    recall  f1-score   support

           0       0.79      0.70      0.75        27
           1       0.44      0.55      0.49        20
           2       0.61      0.95      0.74        21
           3       1.00      0.42      0.59        24

   micro avg       0.65      0.65      0.65        92
   macro avg       0.71      0.66      0.64        92
weighted avg       0.73      0.65      0.65        92
=====================================================
Epoch: 94
[[20  4  1  2]
 [ 4 12  4  0]
 [ 1  0 19  1]
 [ 1  1  6 16]]
OA: 72%
Cohen's kappa: 0.63
              precision    recall  f1-score   support

           0       0.77      0.74      0.75        27
           1       0.71      0.60      0.65        20
           2       0.63      0.90      0.75        21
           3       0.84      0.67      0.74        24

   micro avg       0.73      0.73      0.73        92
   macro avg       0.74      0.73      0.72        92
weighted avg       0.74      0.73      0.73        92
=====================================================
Epoch: 95
[[20  0  3  4]
 [ 4 11  5  0]
 [ 1  0 19  1]
 [ 1  0  6 17]]
OA: 72%
Cohen's kappa: 0.63
              precision    recall  f1-score   support

           0       0.77      0.74      0.75        27
           1       1.00      0.55      0.71        20
           2       0.58      0.90      0.70        21
           3       0.77      0.71      0.74        24

   micro avg       0.73      0.73      0.73        92
   macro avg       0.78      0.73      0.73        92
weighted avg       0.78      0.73      0.73        92
=====================================================
Epoch: 96
[[10  5  6  6]
 [ 2 11  6  1]
 [ 0  1 19  1]
 [ 0  1  9 14]]
OA: 58%
Cohen's kappa: 0.45
              precision    recall  f1-score   support

           0       0.83      0.37      0.51        27
           1       0.61      0.55      0.58        20
           2       0.47      0.90      0.62        21
           3       0.64      0.58      0.61        24

   micro avg       0.59      0.59      0.59        92
   macro avg       0.64      0.60      0.58        92
weighted avg       0.65      0.59      0.58        92
=====================================================
Epoch: 97
[[18  7  1  1]
 [ 3 15  2  0]
 [ 1  1 18  1]
 [ 0  4  4 16]]
OA: 72%
Cohen's kappa: 0.63
              precision    recall  f1-score   support

           0       0.82      0.67      0.73        27
           1       0.56      0.75      0.64        20
           2       0.72      0.86      0.78        21
           3       0.89      0.67      0.76        24

   micro avg       0.73      0.73      0.73        92
   macro avg       0.75      0.74      0.73        92
weighted avg       0.76      0.73      0.73        92
=====================================================
Epoch: 98
[[20  6  1  0]
 [ 2 16  2  0]
 [ 0  1 19  1]
 [ 0  3  8 13]]
OA: 73%
Cohen's kappa: 0.65
              precision    recall  f1-score   support

           0       0.91      0.74      0.82        27
           1       0.62      0.80      0.70        20
           2       0.63      0.90      0.75        21
           3       0.93      0.54      0.68        24

   micro avg       0.74      0.74      0.74        92
   macro avg       0.77      0.75      0.74        92
weighted avg       0.79      0.74      0.74        92
=====================================================
Epoch: 99
[[19  5  2  1]
 [ 2 13  5  0]
 [ 1  0 19  1]
 [ 1  3 10 10]]
OA: 66%
Cohen's kappa: 0.55
              precision    recall  f1-score   support

           0       0.83      0.70      0.76        27
           1       0.62      0.65      0.63        20
           2       0.53      0.90      0.67        21
           3       0.83      0.42      0.56        24

   micro avg       0.66      0.66      0.66        92
   macro avg       0.70      0.67      0.65        92
weighted avg       0.71      0.66      0.66        92
=====================================================
Epoch: 100
[[16  6  4  1]
 [ 0 16  4  0]
 [ 1  0 19  1]
 [ 0  3  9 12]]
OA: 68%
Cohen's kappa: 0.58
              precision    recall  f1-score   support

           0       0.94      0.59      0.73        27
           1       0.64      0.80      0.71        20
           2       0.53      0.90      0.67        21
           3       0.86      0.50      0.63        24

   micro avg       0.68      0.68      0.68        92
   macro avg       0.74      0.70      0.68        92
weighted avg       0.76      0.68      0.68        92
