=====================================================
Epoch: 1
[[42  9  0  0]
 [ 3 33  8  7]
 [ 1  1 30 19]
 [ 3  0 10 38]]
OA: 70%
Cohen's kappa: 0.6
              precision    recall  f1-score   support

           0       0.86      0.82      0.84        51
           1       0.77      0.65      0.70        51
           2       0.62      0.59      0.61        51
           3       0.59      0.75      0.66        51

   micro avg       0.70      0.70      0.70       204
   macro avg       0.71      0.70      0.70       204
weighted avg       0.71      0.70      0.70       204
=====================================================
Epoch: 2
[[51  0  0  0]
 [ 9 34  5  3]
 [ 4  1 34 12]
 [ 5  1  3 42]]
OA: 78%
Cohen's kappa: 0.71
              precision    recall  f1-score   support

           0       0.74      1.00      0.85        51
           1       0.94      0.67      0.78        51
           2       0.81      0.67      0.73        51
           3       0.74      0.82      0.78        51

   micro avg       0.79      0.79      0.79       204
   macro avg       0.81      0.79      0.79       204
weighted avg       0.81      0.79      0.79       204
=====================================================
Epoch: 3
[[51  0  0  0]
 [ 6 38  6  1]
 [ 0  4 38  9]
 [ 2  1  7 41]]
OA: 82%
Cohen's kappa: 0.76
              precision    recall  f1-score   support

           0       0.86      1.00      0.93        51
           1       0.88      0.75      0.81        51
           2       0.75      0.75      0.75        51
           3       0.80      0.80      0.80        51

   micro avg       0.82      0.82      0.82       204
   macro avg       0.82      0.82      0.82       204
weighted avg       0.82      0.82      0.82       204
=====================================================
Epoch: 4
[[50  1  0  0]
 [ 5 41  2  3]
 [ 2  4 21 24]
 [ 3  2  3 43]]
OA: 75%
Cohen's kappa: 0.67
              precision    recall  f1-score   support

           0       0.83      0.98      0.90        51
           1       0.85      0.80      0.83        51
           2       0.81      0.41      0.55        51
           3       0.61      0.84      0.71        51

   micro avg       0.76      0.76      0.76       204
   macro avg       0.78      0.76      0.75       204
weighted avg       0.78      0.76      0.75       204
=====================================================
Epoch: 5
[[50  1  0  0]
 [ 8 23 15  5]
 [ 0  1 37 13]
 [ 0  1  5 45]]
OA: 75%
Cohen's kappa: 0.67
              precision    recall  f1-score   support

           0       0.86      0.98      0.92        51
           1       0.88      0.45      0.60        51
           2       0.65      0.73      0.69        51
           3       0.71      0.88      0.79        51

   micro avg       0.76      0.76      0.76       204
   macro avg       0.78      0.76      0.75       204
weighted avg       0.78      0.76      0.75       204
=====================================================
Epoch: 6
[[50  1  0  0]
 [ 7 36  5  3]
 [ 1  2 43  5]
 [ 3  0  7 41]]
OA: 83%
Cohen's kappa: 0.77
              precision    recall  f1-score   support

           0       0.82      0.98      0.89        51
           1       0.92      0.71      0.80        51
           2       0.78      0.84      0.81        51
           3       0.84      0.80      0.82        51

   micro avg       0.83      0.83      0.83       204
   macro avg       0.84      0.83      0.83       204
weighted avg       0.84      0.83      0.83       204
=====================================================
Epoch: 7
[[49  2  0  0]
 [ 5 43  2  1]
 [ 2 10 34  5]
 [ 2  5  8 36]]
OA: 79%
Cohen's kappa: 0.72
              precision    recall  f1-score   support

           0       0.84      0.96      0.90        51
           1       0.72      0.84      0.77        51
           2       0.77      0.67      0.72        51
           3       0.86      0.71      0.77        51

   micro avg       0.79      0.79      0.79       204
   macro avg       0.80      0.79      0.79       204
weighted avg       0.80      0.79      0.79       204
=====================================================
Epoch: 8
[[50  1  0  0]
 [ 5 43  2  1]
 [ 1 11 35  4]
 [ 0  5 11 35]]
OA: 79%
Cohen's kappa: 0.73
              precision    recall  f1-score   support

           0       0.89      0.98      0.93        51
           1       0.72      0.84      0.77        51
           2       0.73      0.69      0.71        51
           3       0.88      0.69      0.77        51

   micro avg       0.80      0.80      0.80       204
   macro avg       0.80      0.80      0.80       204
weighted avg       0.80      0.80      0.80       204
=====================================================
Epoch: 9
[[48  1  0  2]
 [ 7 33  4  7]
 [ 0  5 34 12]
 [ 0  2  2 47]]
OA: 79%
Cohen's kappa: 0.72
              precision    recall  f1-score   support

           0       0.87      0.94      0.91        51
           1       0.80      0.65      0.72        51
           2       0.85      0.67      0.75        51
           3       0.69      0.92      0.79        51

   micro avg       0.79      0.79      0.79       204
   macro avg       0.80      0.79      0.79       204
weighted avg       0.80      0.79      0.79       204
=====================================================
Epoch: 10
[[43  3  0  5]
 [ 1 45  2  3]
 [ 0  5 42  4]
 [ 1  1  6 43]]
OA: 84%
Cohen's kappa: 0.79
              precision    recall  f1-score   support

           0       0.96      0.84      0.90        51
           1       0.83      0.88      0.86        51
           2       0.84      0.82      0.83        51
           3       0.78      0.84      0.81        51

   micro avg       0.85      0.85      0.85       204
   macro avg       0.85      0.85      0.85       204
weighted avg       0.85      0.85      0.85       204
=====================================================
Epoch: 11
[[39 11  0  1]
 [ 0 35 14  2]
 [ 0  0 44  7]
 [ 0  0  8 43]]
OA: 78%
Cohen's kappa: 0.71
              precision    recall  f1-score   support

           0       1.00      0.76      0.87        51
           1       0.76      0.69      0.72        51
           2       0.67      0.86      0.75        51
           3       0.81      0.84      0.83        51

   micro avg       0.79      0.79      0.79       204
   macro avg       0.81      0.79      0.79       204
weighted avg       0.81      0.79      0.79       204
=====================================================
Epoch: 12
[[46  2  0  3]
 [ 2 36  3 10]
 [ 1  6 40  4]
 [ 0  0  6 45]]
OA: 81%
Cohen's kappa: 0.75
              precision    recall  f1-score   support

           0       0.94      0.90      0.92        51
           1       0.82      0.71      0.76        51
           2       0.82      0.78      0.80        51
           3       0.73      0.88      0.80        51

   micro avg       0.82      0.82      0.82       204
   macro avg       0.82      0.82      0.82       204
weighted avg       0.82      0.82      0.82       204
=====================================================
Epoch: 13
[[49  2  0  0]
 [ 4 42  3  2]
 [ 1  4 40  6]
 [ 3  2  9 37]]
OA: 82%
Cohen's kappa: 0.76
              precision    recall  f1-score   support

           0       0.86      0.96      0.91        51
           1       0.84      0.82      0.83        51
           2       0.77      0.78      0.78        51
           3       0.82      0.73      0.77        51

   micro avg       0.82      0.82      0.82       204
   macro avg       0.82      0.82      0.82       204
weighted avg       0.82      0.82      0.82       204
=====================================================
Epoch: 14
[[43  1  0  7]
 [ 2 27  8 14]
 [ 0  1 36 14]
 [ 0  0  3 48]]
OA: 75%
Cohen's kappa: 0.67
              precision    recall  f1-score   support

           0       0.96      0.84      0.90        51
           1       0.93      0.53      0.67        51
           2       0.77      0.71      0.73        51
           3       0.58      0.94      0.72        51

   micro avg       0.75      0.75      0.75       204
   macro avg       0.81      0.75      0.76       204
weighted avg       0.81      0.75      0.76       204
=====================================================
Epoch: 15
[[51  0  0  0]
 [ 7 41  2  1]
 [ 4  7 39  1]
 [ 4  4  9 34]]
OA: 80%
Cohen's kappa: 0.74
              precision    recall  f1-score   support

           0       0.77      1.00      0.87        51
           1       0.79      0.80      0.80        51
           2       0.78      0.76      0.77        51
           3       0.94      0.67      0.78        51

   micro avg       0.81      0.81      0.81       204
   macro avg       0.82      0.81      0.81       204
weighted avg       0.82      0.81      0.81       204
=====================================================
Epoch: 16
[[51  0  0  0]
 [ 9 36  3  3]
 [ 4  3 30 14]
 [ 2  1  4 44]]
OA: 78%
Cohen's kappa: 0.71
              precision    recall  f1-score   support

           0       0.77      1.00      0.87        51
           1       0.90      0.71      0.79        51
           2       0.81      0.59      0.68        51
           3       0.72      0.86      0.79        51

   micro avg       0.79      0.79      0.79       204
   macro avg       0.80      0.79      0.78       204
weighted avg       0.80      0.79      0.78       204
=====================================================
Epoch: 17
[[44  3  0  4]
 [ 1 29  5 16]
 [ 0  2 38 11]
 [ 0  0  4 47]]
OA: 77%
Cohen's kappa: 0.69
              precision    recall  f1-score   support

           0       0.98      0.86      0.92        51
           1       0.85      0.57      0.68        51
           2       0.81      0.75      0.78        51
           3       0.60      0.92      0.73        51

   micro avg       0.77      0.77      0.77       204
   macro avg       0.81      0.77      0.78       204
weighted avg       0.81      0.77      0.78       204
=====================================================
Epoch: 18
[[48  1  1  1]
 [ 4 39  5  3]
 [ 0  3 41  7]
 [ 0  1  4 46]]
OA: 85%
Cohen's kappa: 0.8
              precision    recall  f1-score   support

           0       0.92      0.94      0.93        51
           1       0.89      0.76      0.82        51
           2       0.80      0.80      0.80        51
           3       0.81      0.90      0.85        51

   micro avg       0.85      0.85      0.85       204
   macro avg       0.86      0.85      0.85       204
weighted avg       0.86      0.85      0.85       204
=====================================================
Epoch: 19
[[40 10  1  0]
 [ 0 44  5  2]
 [ 0  4 42  5]
 [ 2  2  8 39]]
OA: 80%
Cohen's kappa: 0.74
              precision    recall  f1-score   support

           0       0.95      0.78      0.86        51
           1       0.73      0.86      0.79        51
           2       0.75      0.82      0.79        51
           3       0.85      0.76      0.80        51

   micro avg       0.81      0.81      0.81       204
   macro avg       0.82      0.81      0.81       204
weighted avg       0.82      0.81      0.81       204
=====================================================
Epoch: 20
[[49  1  0  1]
 [ 6 37  4  4]
 [ 2  2 39  8]
 [ 3  1  2 45]]
OA: 83%
Cohen's kappa: 0.77
              precision    recall  f1-score   support

           0       0.82      0.96      0.88        51
           1       0.90      0.73      0.80        51
           2       0.87      0.76      0.81        51
           3       0.78      0.88      0.83        51

   micro avg       0.83      0.83      0.83       204
   macro avg       0.84      0.83      0.83       204
weighted avg       0.84      0.83      0.83       204
=====================================================
Epoch: 21
[[41 10  0  0]
 [ 1 47  2  1]
 [ 0  6 42  3]
 [ 2  4  8 37]]
OA: 81%
Cohen's kappa: 0.75
              precision    recall  f1-score   support

           0       0.93      0.80      0.86        51
           1       0.70      0.92      0.80        51
           2       0.81      0.82      0.82        51
           3       0.90      0.73      0.80        51

   micro avg       0.82      0.82      0.82       204
   macro avg       0.84      0.82      0.82       204
weighted avg       0.84      0.82      0.82       204
=====================================================
Epoch: 22
[[47  3  0  1]
 [ 1 45  2  3]
 [ 0  7 35  9]
 [ 2  1  2 46]]
OA: 84%
Cohen's kappa: 0.79
              precision    recall  f1-score   support

           0       0.94      0.92      0.93        51
           1       0.80      0.88      0.84        51
           2       0.90      0.69      0.78        51
           3       0.78      0.90      0.84        51

   micro avg       0.85      0.85      0.85       204
   macro avg       0.86      0.85      0.85       204
weighted avg       0.86      0.85      0.85       204
=====================================================
Epoch: 23
[[47  3  1  0]
 [ 2 36 11  2]
 [ 0  1 49  1]
 [ 2  1 11 37]]
OA: 82%
Cohen's kappa: 0.77
              precision    recall  f1-score   support

           0       0.92      0.92      0.92        51
           1       0.88      0.71      0.78        51
           2       0.68      0.96      0.80        51
           3       0.93      0.73      0.81        51

   micro avg       0.83      0.83      0.83       204
   macro avg       0.85      0.83      0.83       204
weighted avg       0.85      0.83      0.83       204
=====================================================
Epoch: 24
[[49  1  0  1]
 [ 3 38  3  7]
 [ 1  4 39  7]
 [ 2  0  6 43]]
OA: 82%
Cohen's kappa: 0.77
              precision    recall  f1-score   support

           0       0.89      0.96      0.92        51
           1       0.88      0.75      0.81        51
           2       0.81      0.76      0.79        51
           3       0.74      0.84      0.79        51

   micro avg       0.83      0.83      0.83       204
   macro avg       0.83      0.83      0.83       204
weighted avg       0.83      0.83      0.83       204
=====================================================
Epoch: 25
[[45  3  2  1]
 [ 1 36 10  4]
 [ 0  2 43  6]
 [ 0  2  3 46]]
OA: 83%
Cohen's kappa: 0.77
              precision    recall  f1-score   support

           0       0.98      0.88      0.93        51
           1       0.84      0.71      0.77        51
           2       0.74      0.84      0.79        51
           3       0.81      0.90      0.85        51

   micro avg       0.83      0.83      0.83       204
   macro avg       0.84      0.83      0.83       204
weighted avg       0.84      0.83      0.83       204
=====================================================
Epoch: 26
[[44  6  1  0]
 [ 1 45  3  2]
 [ 0  4 36 11]
 [ 1  1  4 45]]
OA: 83%
Cohen's kappa: 0.77
              precision    recall  f1-score   support

           0       0.96      0.86      0.91        51
           1       0.80      0.88      0.84        51
           2       0.82      0.71      0.76        51
           3       0.78      0.88      0.83        51

   micro avg       0.83      0.83      0.83       204
   macro avg       0.84      0.83      0.83       204
weighted avg       0.84      0.83      0.83       204
=====================================================
Epoch: 27
[[48  1  0  2]
 [ 3 41  1  6]
 [ 1  5 18 27]
 [ 1  1  0 49]]
OA: 76%
Cohen's kappa: 0.68
              precision    recall  f1-score   support

           0       0.91      0.94      0.92        51
           1       0.85      0.80      0.83        51
           2       0.95      0.35      0.51        51
           3       0.58      0.96      0.73        51

   micro avg       0.76      0.76      0.76       204
   macro avg       0.82      0.76      0.75       204
weighted avg       0.82      0.76      0.75       204
=====================================================
Epoch: 28
[[48  3  0  0]
 [ 1 37  5  8]
 [ 2  2 38  9]
 [ 2  0  5 44]]
OA: 81%
Cohen's kappa: 0.75
              precision    recall  f1-score   support

           0       0.91      0.94      0.92        51
           1       0.88      0.73      0.80        51
           2       0.79      0.75      0.77        51
           3       0.72      0.86      0.79        51

   micro avg       0.82      0.82      0.82       204
   macro avg       0.82      0.82      0.82       204
weighted avg       0.82      0.82      0.82       204
=====================================================
Epoch: 29
[[46  1  1  3]
 [ 3 31  4 13]
 [ 0  2 36 13]
 [ 0  0  2 49]]
OA: 79%
Cohen's kappa: 0.72
              precision    recall  f1-score   support

           0       0.94      0.90      0.92        51
           1       0.91      0.61      0.73        51
           2       0.84      0.71      0.77        51
           3       0.63      0.96      0.76        51

   micro avg       0.79      0.79      0.79       204
   macro avg       0.83      0.79      0.79       204
weighted avg       0.83      0.79      0.79       204
=====================================================
Epoch: 30
[[48  2  0  1]
 [ 1 44  4  2]
 [ 0  4 44  3]
 [ 1  2 14 34]]
OA: 83%
Cohen's kappa: 0.77
              precision    recall  f1-score   support

           0       0.96      0.94      0.95        51
           1       0.85      0.86      0.85        51
           2       0.71      0.86      0.78        51
           3       0.85      0.67      0.75        51

   micro avg       0.83      0.83      0.83       204
   macro avg       0.84      0.83      0.83       204
weighted avg       0.84      0.83      0.83       204
=====================================================
Epoch: 31
[[46  4  0  1]
 [ 2 46  2  1]
 [ 0  5 45  1]
 [ 2  2 10 37]]
OA: 85%
Cohen's kappa: 0.8
              precision    recall  f1-score   support

           0       0.92      0.90      0.91        51
           1       0.81      0.90      0.85        51
           2       0.79      0.88      0.83        51
           3       0.93      0.73      0.81        51

   micro avg       0.85      0.85      0.85       204
   macro avg       0.86      0.85      0.85       204
weighted avg       0.86      0.85      0.85       204
=====================================================
Epoch: 32
[[48  1  0  2]
 [ 4 41  4  2]
 [ 1  3 42  5]
 [ 2  0 12 37]]
OA: 82%
Cohen's kappa: 0.76
              precision    recall  f1-score   support

           0       0.87      0.94      0.91        51
           1       0.91      0.80      0.85        51
           2       0.72      0.82      0.77        51
           3       0.80      0.73      0.76        51

   micro avg       0.82      0.82      0.82       204
   macro avg       0.83      0.82      0.82       204
weighted avg       0.83      0.82      0.82       204
=====================================================
Epoch: 33
[[42  8  0  1]
 [ 1 46  2  2]
 [ 0  8 36  7]
 [ 0  2  6 43]]
OA: 81%
Cohen's kappa: 0.75
              precision    recall  f1-score   support

           0       0.98      0.82      0.89        51
           1       0.72      0.90      0.80        51
           2       0.82      0.71      0.76        51
           3       0.81      0.84      0.83        51

   micro avg       0.82      0.82      0.82       204
   macro avg       0.83      0.82      0.82       204
weighted avg       0.83      0.82      0.82       204
=====================================================
Epoch: 34
[[45  4  0  2]
 [ 1 42  6  2]
 [ 0  3 42  6]
 [ 1  1  4 45]]
OA: 85%
Cohen's kappa: 0.8
              precision    recall  f1-score   support

           0       0.96      0.88      0.92        51
           1       0.84      0.82      0.83        51
           2       0.81      0.82      0.82        51
           3       0.82      0.88      0.85        51

   micro avg       0.85      0.85      0.85       204
   macro avg       0.86      0.85      0.85       204
weighted avg       0.86      0.85      0.85       204
=====================================================
Epoch: 35
[[44  3  0  4]
 [ 0 44  4  3]
 [ 0  4 34 13]
 [ 0  1  2 48]]
OA: 83%
Cohen's kappa: 0.77
              precision    recall  f1-score   support

           0       1.00      0.86      0.93        51
           1       0.85      0.86      0.85        51
           2       0.85      0.67      0.75        51
           3       0.71      0.94      0.81        51

   micro avg       0.83      0.83      0.83       204
   macro avg       0.85      0.83      0.83       204
weighted avg       0.85      0.83      0.83       204
=====================================================
Epoch: 36
[[46  5  0  0]
 [ 0 46  3  2]
 [ 0  4 46  1]
 [ 2  1 16 32]]
OA: 83%
Cohen's kappa: 0.77
              precision    recall  f1-score   support

           0       0.96      0.90      0.93        51
           1       0.82      0.90      0.86        51
           2       0.71      0.90      0.79        51
           3       0.91      0.63      0.74        51

   micro avg       0.83      0.83      0.83       204
   macro avg       0.85      0.83      0.83       204
weighted avg       0.85      0.83      0.83       204
=====================================================
Epoch: 37
[[47  4  0  0]
 [ 1 44  5  1]
 [ 0  4 42  5]
 [ 2  2 10 37]]
OA: 83%
Cohen's kappa: 0.77
              precision    recall  f1-score   support

           0       0.94      0.92      0.93        51
           1       0.81      0.86      0.84        51
           2       0.74      0.82      0.78        51
           3       0.86      0.73      0.79        51

   micro avg       0.83      0.83      0.83       204
   macro avg       0.84      0.83      0.83       204
weighted avg       0.84      0.83      0.83       204
=====================================================
Epoch: 38
[[48  3  0  0]
 [ 2 42  5  2]
 [ 0  3 42  6]
 [ 2  1  8 40]]
OA: 84%
Cohen's kappa: 0.79
              precision    recall  f1-score   support

           0       0.92      0.94      0.93        51
           1       0.86      0.82      0.84        51
           2       0.76      0.82      0.79        51
           3       0.83      0.78      0.81        51

   micro avg       0.84      0.84      0.84       204
   macro avg       0.84      0.84      0.84       204
weighted avg       0.84      0.84      0.84       204
=====================================================
Epoch: 39
[[45  6  0  0]
 [ 1 43  6  1]
 [ 1  4 45  1]
 [ 2  1 15 33]]
OA: 81%
Cohen's kappa: 0.75
              precision    recall  f1-score   support

           0       0.92      0.88      0.90        51
           1       0.80      0.84      0.82        51
           2       0.68      0.88      0.77        51
           3       0.94      0.65      0.77        51

   micro avg       0.81      0.81      0.81       204
   macro avg       0.83      0.81      0.81       204
weighted avg       0.83      0.81      0.81       204
=====================================================
Epoch: 40
[[44  6  0  1]
 [ 0 46  3  2]
 [ 1  5 42  3]
 [ 0  1  7 43]]
OA: 85%
Cohen's kappa: 0.81
              precision    recall  f1-score   support

           0       0.98      0.86      0.92        51
           1       0.79      0.90      0.84        51
           2       0.81      0.82      0.82        51
           3       0.88      0.84      0.86        51

   micro avg       0.86      0.86      0.86       204
   macro avg       0.86      0.86      0.86       204
weighted avg       0.86      0.86      0.86       204
=====================================================
Epoch: 41
[[42  9  0  0]
 [ 0 45  5  1]
 [ 0  4 41  6]
 [ 1  2  5 43]]
OA: 83%
Cohen's kappa: 0.78
              precision    recall  f1-score   support

           0       0.98      0.82      0.89        51
           1       0.75      0.88      0.81        51
           2       0.80      0.80      0.80        51
           3       0.86      0.84      0.85        51

   micro avg       0.84      0.84      0.84       204
   macro avg       0.85      0.84      0.84       204
weighted avg       0.85      0.84      0.84       204
=====================================================
Epoch: 42
[[47  2  0  2]
 [ 7 34  6  4]
 [ 1  2 38 10]
 [ 0  1  4 46]]
OA: 80%
Cohen's kappa: 0.74
              precision    recall  f1-score   support

           0       0.85      0.92      0.89        51
           1       0.87      0.67      0.76        51
           2       0.79      0.75      0.77        51
           3       0.74      0.90      0.81        51

   micro avg       0.81      0.81      0.81       204
   macro avg       0.81      0.81      0.81       204
weighted avg       0.81      0.81      0.81       204
=====================================================
Epoch: 43
[[48  2  0  1]
 [ 3 41  5  2]
 [ 0  4 41  6]
 [ 1  1  6 43]]
OA: 84%
Cohen's kappa: 0.79
              precision    recall  f1-score   support

           0       0.92      0.94      0.93        51
           1       0.85      0.80      0.83        51
           2       0.79      0.80      0.80        51
           3       0.83      0.84      0.83        51

   micro avg       0.85      0.85      0.85       204
   macro avg       0.85      0.85      0.85       204
weighted avg       0.85      0.85      0.85       204
=====================================================
Epoch: 44
[[47  3  0  1]
 [ 2 41  3  5]
 [ 1  3 38  9]
 [ 1  1  3 46]]
OA: 84%
Cohen's kappa: 0.79
              precision    recall  f1-score   support

           0       0.92      0.92      0.92        51
           1       0.85      0.80      0.83        51
           2       0.86      0.75      0.80        51
           3       0.75      0.90      0.82        51

   micro avg       0.84      0.84      0.84       204
   macro avg       0.85      0.84      0.84       204
weighted avg       0.85      0.84      0.84       204
