=====================================================
Epoch: 1
[[27  0  0  0]
 [ 9  8  1  2]
 [ 1 13  7  0]
 [ 8  3  6  7]]
OA: 53%
Cohen's kappa: 0.36
              precision    recall  f1-score   support

           0       0.60      1.00      0.75        27
           1       0.33      0.40      0.36        20
           2       0.50      0.33      0.40        21
           3       0.78      0.29      0.42        24

   micro avg       0.53      0.53      0.53        92
   macro avg       0.55      0.51      0.48        92
weighted avg       0.57      0.53      0.50        92
=====================================================
Epoch: 2
[[18  4  1  4]
 [ 0  3  9  8]
 [ 0  1 20  0]
 [ 0  1  6 17]]
OA: 63%
Cohen's kappa: 0.5
              precision    recall  f1-score   support

           0       1.00      0.67      0.80        27
           1       0.33      0.15      0.21        20
           2       0.56      0.95      0.70        21
           3       0.59      0.71      0.64        24

   micro avg       0.63      0.63      0.63        92
   macro avg       0.62      0.62      0.59        92
weighted avg       0.65      0.63      0.61        92
=====================================================
Epoch: 3
[[25  1  1  0]
 [ 5  1  7  7]
 [ 0  1 20  0]
 [ 0  1 12 11]]
OA: 61%
Cohen's kappa: 0.48
              precision    recall  f1-score   support

           0       0.83      0.93      0.88        27
           1       0.25      0.05      0.08        20
           2       0.50      0.95      0.66        21
           3       0.61      0.46      0.52        24

   micro avg       0.62      0.62      0.62        92
   macro avg       0.55      0.60      0.54        92
weighted avg       0.57      0.62      0.56        92
=====================================================
Epoch: 4
[[22  5  0  0]
 [ 5  1  7  7]
 [ 0  1 20  0]
 [ 0  0  7 17]]
OA: 65%
Cohen's kappa: 0.53
              precision    recall  f1-score   support

           0       0.81      0.81      0.81        27
           1       0.14      0.05      0.07        20
           2       0.59      0.95      0.73        21
           3       0.71      0.71      0.71        24

   micro avg       0.65      0.65      0.65        92
   macro avg       0.56      0.63      0.58        92
weighted avg       0.59      0.65      0.61        92
=====================================================
Epoch: 5
[[25  1  0  1]
 [ 9 10  0  1]
 [ 4  5  3  9]
 [ 5  4  0 15]]
OA: 57%
Cohen's kappa: 0.42
              precision    recall  f1-score   support

           0       0.58      0.93      0.71        27
           1       0.50      0.50      0.50        20
           2       1.00      0.14      0.25        21
           3       0.58      0.62      0.60        24

   micro avg       0.58      0.58      0.58        92
   macro avg       0.66      0.55      0.52        92
weighted avg       0.66      0.58      0.53        92
=====================================================
Epoch: 6
[[21  5  0  1]
 [ 4 14  0  2]
 [ 0  6 10  5]
 [ 0  5  1 18]]
OA: 68%
Cohen's kappa: 0.57
              precision    recall  f1-score   support

           0       0.84      0.78      0.81        27
           1       0.47      0.70      0.56        20
           2       0.91      0.48      0.62        21
           3       0.69      0.75      0.72        24

   micro avg       0.68      0.68      0.68        92
   macro avg       0.73      0.68      0.68        92
weighted avg       0.74      0.68      0.69        92
=====================================================
Epoch: 7
[[24  2  0  1]
 [ 6  7  6  1]
 [ 0  2 18  1]
 [ 4  1  9 10]]
OA: 64%
Cohen's kappa: 0.51
              precision    recall  f1-score   support

           0       0.71      0.89      0.79        27
           1       0.58      0.35      0.44        20
           2       0.55      0.86      0.67        21
           3       0.77      0.42      0.54        24

   micro avg       0.64      0.64      0.64        92
   macro avg       0.65      0.63      0.61        92
weighted avg       0.66      0.64      0.62        92
=====================================================
Epoch: 8
[[23  4  0  0]
 [ 5 14  0  1]
 [ 0  7 13  1]
 [ 0 10  6  8]]
OA: 63%
Cohen's kappa: 0.5
              precision    recall  f1-score   support

           0       0.82      0.85      0.84        27
           1       0.40      0.70      0.51        20
           2       0.68      0.62      0.65        21
           3       0.80      0.33      0.47        24

   micro avg       0.63      0.63      0.63        92
   macro avg       0.68      0.63      0.62        92
weighted avg       0.69      0.63      0.63        92
=====================================================
Epoch: 9
[[25  1  0  1]
 [ 8 10  2  0]
 [ 0  4 12  5]
 [ 4  2  2 16]]
OA: 68%
Cohen's kappa: 0.57
              precision    recall  f1-score   support

           0       0.68      0.93      0.78        27
           1       0.59      0.50      0.54        20
           2       0.75      0.57      0.65        21
           3       0.73      0.67      0.70        24

   micro avg       0.68      0.68      0.68        92
   macro avg       0.69      0.67      0.67        92
weighted avg       0.69      0.68      0.68        92
=====================================================
Epoch: 10
[[23  4  0  0]
 [ 5 10  2  3]
 [ 0  1 15  5]
 [ 1  3  2 18]]
OA: 71%
Cohen's kappa: 0.62
              precision    recall  f1-score   support

           0       0.79      0.85      0.82        27
           1       0.56      0.50      0.53        20
           2       0.79      0.71      0.75        21
           3       0.69      0.75      0.72        24

   micro avg       0.72      0.72      0.72        92
   macro avg       0.71      0.70      0.70        92
weighted avg       0.71      0.72      0.71        92
=====================================================
Epoch: 11
[[20  5  0  2]
 [ 3 12  2  3]
 [ 0  1 17  3]
 [ 0  3  4 17]]
OA: 71%
Cohen's kappa: 0.62
              precision    recall  f1-score   support

           0       0.87      0.74      0.80        27
           1       0.57      0.60      0.59        20
           2       0.74      0.81      0.77        21
           3       0.68      0.71      0.69        24

   micro avg       0.72      0.72      0.72        92
   macro avg       0.72      0.71      0.71        92
weighted avg       0.73      0.72      0.72        92
=====================================================
Epoch: 12
[[26  1  0  0]
 [ 8 10  1  1]
 [ 0  4 14  3]
 [ 7  4  4  9]]
OA: 64%
Cohen's kappa: 0.51
              precision    recall  f1-score   support

           0       0.63      0.96      0.76        27
           1       0.53      0.50      0.51        20
           2       0.74      0.67      0.70        21
           3       0.69      0.38      0.49        24

   micro avg       0.64      0.64      0.64        92
   macro avg       0.65      0.63      0.62        92
weighted avg       0.65      0.64      0.62        92
=====================================================
Epoch: 13
[[21  5  0  1]
 [ 4  2  9  5]
 [ 0  1 14  6]
 [ 0  1  1 22]]
OA: 64%
Cohen's kappa: 0.51
              precision    recall  f1-score   support

           0       0.84      0.78      0.81        27
           1       0.22      0.10      0.14        20
           2       0.58      0.67      0.62        21
           3       0.65      0.92      0.76        24

   micro avg       0.64      0.64      0.64        92
   macro avg       0.57      0.62      0.58        92
weighted avg       0.60      0.64      0.61        92
=====================================================
Epoch: 14
[[19  7  0  1]
 [ 3 10  6  1]
 [ 0  1 18  2]
 [ 0  2  4 18]]
OA: 70%
Cohen's kappa: 0.6
              precision    recall  f1-score   support

           0       0.86      0.70      0.78        27
           1       0.50      0.50      0.50        20
           2       0.64      0.86      0.73        21
           3       0.82      0.75      0.78        24

   micro avg       0.71      0.71      0.71        92
   macro avg       0.71      0.70      0.70        92
weighted avg       0.72      0.71      0.71        92
=====================================================
Epoch: 15
[[22  4  0  1]
 [ 5 14  1  0]
 [ 0  4 15  2]
 [ 2 10  3  9]]
OA: 65%
Cohen's kappa: 0.53
              precision    recall  f1-score   support

           0       0.76      0.81      0.79        27
           1       0.44      0.70      0.54        20
           2       0.79      0.71      0.75        21
           3       0.75      0.38      0.50        24

   micro avg       0.65      0.65      0.65        92
   macro avg       0.68      0.65      0.64        92
weighted avg       0.69      0.65      0.65        92
=====================================================
Epoch: 16
[[21  5  0  1]
 [ 6 13  0  1]
 [ 0  4 11  6]
 [ 4  4  4 12]]
OA: 61%
Cohen's kappa: 0.48
              precision    recall  f1-score   support

           0       0.68      0.78      0.72        27
           1       0.50      0.65      0.57        20
           2       0.73      0.52      0.61        21
           3       0.60      0.50      0.55        24

   micro avg       0.62      0.62      0.62        92
   macro avg       0.63      0.61      0.61        92
weighted avg       0.63      0.62      0.62        92
=====================================================
Epoch: 17
[[14 13  0  0]
 [ 0 18  2  0]
 [ 0  2 17  2]
 [ 0  6  6 12]]
OA: 66%
Cohen's kappa: 0.55
              precision    recall  f1-score   support

           0       1.00      0.52      0.68        27
           1       0.46      0.90      0.61        20
           2       0.68      0.81      0.74        21
           3       0.86      0.50      0.63        24

   micro avg       0.66      0.66      0.66        92
   macro avg       0.75      0.68      0.67        92
weighted avg       0.77      0.66      0.67        92
=====================================================
Epoch: 18
[[20  7  0  0]
 [ 4 14  1  1]
 [ 0  2 18  1]
 [ 4  2  6 12]]
OA: 69%
Cohen's kappa: 0.59
              precision    recall  f1-score   support

           0       0.71      0.74      0.73        27
           1       0.56      0.70      0.62        20
           2       0.72      0.86      0.78        21
           3       0.86      0.50      0.63        24

   micro avg       0.70      0.70      0.70        92
   macro avg       0.71      0.70      0.69        92
weighted avg       0.72      0.70      0.69        92
=====================================================
Epoch: 19
[[20  7  0  0]
 [ 0 17  3  0]
 [ 0  1 18  2]
 [ 0  3  8 13]]
OA: 73%
Cohen's kappa: 0.65
              precision    recall  f1-score   support

           0       1.00      0.74      0.85        27
           1       0.61      0.85      0.71        20
           2       0.62      0.86      0.72        21
           3       0.87      0.54      0.67        24

   micro avg       0.74      0.74      0.74        92
   macro avg       0.77      0.75      0.74        92
weighted avg       0.79      0.74      0.74        92
=====================================================
Epoch: 20
[[23  3  0  1]
 [ 6 13  0  1]
 [ 0  3 15  3]
 [ 2  3  1 18]]
OA: 75%
Cohen's kappa: 0.66
              precision    recall  f1-score   support

           0       0.74      0.85      0.79        27
           1       0.59      0.65      0.62        20
           2       0.94      0.71      0.81        21
           3       0.78      0.75      0.77        24

   micro avg       0.75      0.75      0.75        92
   macro avg       0.76      0.74      0.75        92
weighted avg       0.76      0.75      0.75        92
=====================================================
Epoch: 21
[[16  5  0  6]
 [ 2  8  8  2]
 [ 0  1 19  1]
 [ 0  0 10 14]]
OA: 61%
Cohen's kappa: 0.49
              precision    recall  f1-score   support

           0       0.89      0.59      0.71        27
           1       0.57      0.40      0.47        20
           2       0.51      0.90      0.66        21
           3       0.61      0.58      0.60        24

   micro avg       0.62      0.62      0.62        92
   macro avg       0.65      0.62      0.61        92
weighted avg       0.66      0.62      0.62        92
=====================================================
Epoch: 22
[[19  5  1  2]
 [ 3 11  5  1]
 [ 0  1 18  2]
 [ 0  2  9 13]]
OA: 66%
Cohen's kappa: 0.55
              precision    recall  f1-score   support

           0       0.86      0.70      0.78        27
           1       0.58      0.55      0.56        20
           2       0.55      0.86      0.67        21
           3       0.72      0.54      0.62        24

   micro avg       0.66      0.66      0.66        92
   macro avg       0.68      0.66      0.66        92
weighted avg       0.69      0.66      0.66        92
=====================================================
Epoch: 23
[[20  6  1  0]
 [ 5 11  3  1]
 [ 0  1 18  2]
 [ 1  6  5 12]]
OA: 66%
Cohen's kappa: 0.55
              precision    recall  f1-score   support

           0       0.77      0.74      0.75        27
           1       0.46      0.55      0.50        20
           2       0.67      0.86      0.75        21
           3       0.80      0.50      0.62        24

   micro avg       0.66      0.66      0.66        92
   macro avg       0.67      0.66      0.66        92
weighted avg       0.69      0.66      0.66        92
=====================================================
Epoch: 24
[[19  5  1  2]
 [ 4 10  4  2]
 [ 0  0 18  3]
 [ 0  2  9 13]]
OA: 65%
Cohen's kappa: 0.53
              precision    recall  f1-score   support

           0       0.83      0.70      0.76        27
           1       0.59      0.50      0.54        20
           2       0.56      0.86      0.68        21
           3       0.65      0.54      0.59        24

   micro avg       0.65      0.65      0.65        92
   macro avg       0.66      0.65      0.64        92
weighted avg       0.67      0.65      0.65        92
=====================================================
Epoch: 25
[[19  5  1  2]
 [ 3 10  6  1]
 [ 0  1 17  3]
 [ 0  3  5 16]]
OA: 67%
Cohen's kappa: 0.56
              precision    recall  f1-score   support

           0       0.86      0.70      0.78        27
           1       0.53      0.50      0.51        20
           2       0.59      0.81      0.68        21
           3       0.73      0.67      0.70        24

   micro avg       0.67      0.67      0.67        92
   macro avg       0.68      0.67      0.67        92
weighted avg       0.69      0.67      0.68        92
=====================================================
Epoch: 26
[[19  6  0  2]
 [ 3 16  1  0]
 [ 0  4 15  2]
 [ 0  6  4 14]]
OA: 69%
Cohen's kappa: 0.59
              precision    recall  f1-score   support

           0       0.86      0.70      0.78        27
           1       0.50      0.80      0.62        20
           2       0.75      0.71      0.73        21
           3       0.78      0.58      0.67        24

   micro avg       0.70      0.70      0.70        92
   macro avg       0.72      0.70      0.70        92
weighted avg       0.74      0.70      0.70        92
=====================================================
Epoch: 27
[[20  5  1  1]
 [ 3  9  0  8]
 [ 0  1 16  4]
 [ 1  1  3 19]]
OA: 69%
Cohen's kappa: 0.59
              precision    recall  f1-score   support

           0       0.83      0.74      0.78        27
           1       0.56      0.45      0.50        20
           2       0.80      0.76      0.78        21
           3       0.59      0.79      0.68        24

   micro avg       0.70      0.70      0.70        92
   macro avg       0.70      0.69      0.69        92
weighted avg       0.70      0.70      0.69        92
=====================================================
Epoch: 28
[[22  5  0  0]
 [ 5 12  2  1]
 [ 0  3 15  3]
 [ 0  4  3 17]]
OA: 71%
Cohen's kappa: 0.62
              precision    recall  f1-score   support

           0       0.81      0.81      0.81        27
           1       0.50      0.60      0.55        20
           2       0.75      0.71      0.73        21
           3       0.81      0.71      0.76        24

   micro avg       0.72      0.72      0.72        92
   macro avg       0.72      0.71      0.71        92
weighted avg       0.73      0.72      0.72        92
=====================================================
Epoch: 29
[[20  6  1  0]
 [ 3 14  3  0]
 [ 0  1 18  2]
 [ 2  4  4 14]]
OA: 71%
Cohen's kappa: 0.62
              precision    recall  f1-score   support

           0       0.80      0.74      0.77        27
           1       0.56      0.70      0.62        20
           2       0.69      0.86      0.77        21
           3       0.88      0.58      0.70        24

   micro avg       0.72      0.72      0.72        92
   macro avg       0.73      0.72      0.71        92
weighted avg       0.74      0.72      0.72        92
=====================================================
Epoch: 30
[[19  7  1  0]
 [ 3 14  3  0]
 [ 0  1 20  0]
 [ 0  6  9  9]]
OA: 67%
Cohen's kappa: 0.56
              precision    recall  f1-score   support

           0       0.86      0.70      0.78        27
           1       0.50      0.70      0.58        20
           2       0.61      0.95      0.74        21
           3       1.00      0.38      0.55        24

   micro avg       0.67      0.67      0.67        92
   macro avg       0.74      0.68      0.66        92
weighted avg       0.76      0.67      0.67        92
=====================================================
Epoch: 31
[[16 11  0  0]
 [ 0 14  6  0]
 [ 0  1 19  1]
 [ 0  6  7 11]]
OA: 65%
Cohen's kappa: 0.54
              precision    recall  f1-score   support

           0       1.00      0.59      0.74        27
           1       0.44      0.70      0.54        20
           2       0.59      0.90      0.72        21
           3       0.92      0.46      0.61        24

   micro avg       0.65      0.65      0.65        92
   macro avg       0.74      0.66      0.65        92
weighted avg       0.76      0.65      0.66        92
=====================================================
Epoch: 32
[[22  3  1  1]
 [ 5  8  4  3]
 [ 0  2 17  2]
 [ 2  3  4 15]]
OA: 67%
Cohen's kappa: 0.56
              precision    recall  f1-score   support

           0       0.76      0.81      0.79        27
           1       0.50      0.40      0.44        20
           2       0.65      0.81      0.72        21
           3       0.71      0.62      0.67        24

   micro avg       0.67      0.67      0.67        92
   macro avg       0.66      0.66      0.66        92
weighted avg       0.67      0.67      0.67        92
=====================================================
Epoch: 33
[[15  6  1  5]
 [ 3 14  1  2]
 [ 0  2 16  3]
 [ 0  6  3 15]]
OA: 65%
Cohen's kappa: 0.53
              precision    recall  f1-score   support

           0       0.83      0.56      0.67        27
           1       0.50      0.70      0.58        20
           2       0.76      0.76      0.76        21
           3       0.60      0.62      0.61        24

   micro avg       0.65      0.65      0.65        92
   macro avg       0.67      0.66      0.66        92
weighted avg       0.68      0.65      0.66        92
=====================================================
Epoch: 34
[[23  3  1  0]
 [ 5 14  1  0]
 [ 0  5 14  2]
 [ 1  9  2 12]]
OA: 68%
Cohen's kappa: 0.57
              precision    recall  f1-score   support

           0       0.79      0.85      0.82        27
           1       0.45      0.70      0.55        20
           2       0.78      0.67      0.72        21
           3       0.86      0.50      0.63        24

   micro avg       0.68      0.68      0.68        92
   macro avg       0.72      0.68      0.68        92
weighted avg       0.73      0.68      0.69        92
=====================================================
Epoch: 35
[[22  3  1  1]
 [ 4  8  7  1]
 [ 0  1 19  1]
 [ 3  1  6 14]]
OA: 68%
Cohen's kappa: 0.57
              precision    recall  f1-score   support

           0       0.76      0.81      0.79        27
           1       0.62      0.40      0.48        20
           2       0.58      0.90      0.70        21
           3       0.82      0.58      0.68        24

   micro avg       0.68      0.68      0.68        92
   macro avg       0.69      0.68      0.66        92
weighted avg       0.70      0.68      0.67        92
=====================================================
Epoch: 36
[[18  8  1  0]
 [ 2 12  6  0]
 [ 0  2 18  1]
 [ 0  5  6 13]]
OA: 66%
Cohen's kappa: 0.55
              precision    recall  f1-score   support

           0       0.90      0.67      0.77        27
           1       0.44      0.60      0.51        20
           2       0.58      0.86      0.69        21
           3       0.93      0.54      0.68        24

   micro avg       0.66      0.66      0.66        92
   macro avg       0.71      0.67      0.66        92
weighted avg       0.74      0.66      0.67        92
=====================================================
Epoch: 37
[[20  6  0  1]
 [ 1 17  2  0]
 [ 0  4 14  3]
 [ 0  3  5 16]]
OA: 72%
Cohen's kappa: 0.63
              precision    recall  f1-score   support

           0       0.95      0.74      0.83        27
           1       0.57      0.85      0.68        20
           2       0.67      0.67      0.67        21
           3       0.80      0.67      0.73        24

   micro avg       0.73      0.73      0.73        92
   macro avg       0.75      0.73      0.73        92
weighted avg       0.76      0.73      0.73        92
=====================================================
Epoch: 38
[[19  5  1  2]
 [ 3  4 12  1]
 [ 0  1 20  0]
 [ 0  0  9 15]]
OA: 63%
Cohen's kappa: 0.5
              precision    recall  f1-score   support

           0       0.86      0.70      0.78        27
           1       0.40      0.20      0.27        20
           2       0.48      0.95      0.63        21
           3       0.83      0.62      0.71        24

   micro avg       0.63      0.63      0.63        92
   macro avg       0.64      0.62      0.60        92
weighted avg       0.67      0.63      0.62        92
=====================================================
Epoch: 39
[[19  7  0  1]
 [ 2 10  6  2]
 [ 0  1 20  0]
 [ 0  2  6 16]]
OA: 70%
Cohen's kappa: 0.6
              precision    recall  f1-score   support

           0       0.90      0.70      0.79        27
           1       0.50      0.50      0.50        20
           2       0.62      0.95      0.75        21
           3       0.84      0.67      0.74        24

   micro avg       0.71      0.71      0.71        92
   macro avg       0.72      0.71      0.70        92
weighted avg       0.74      0.71      0.71        92
=====================================================
Epoch: 40
[[22  4  0  1]
 [ 4 10  5  1]
 [ 0  1 18  2]
 [ 0  5  5 14]]
OA: 69%
Cohen's kappa: 0.59
              precision    recall  f1-score   support

           0       0.85      0.81      0.83        27
           1       0.50      0.50      0.50        20
           2       0.64      0.86      0.73        21
           3       0.78      0.58      0.67        24

   micro avg       0.70      0.70      0.70        92
   macro avg       0.69      0.69      0.68        92
weighted avg       0.71      0.70      0.69        92
=====================================================
Epoch: 41
[[20  6  1  0]
 [ 1 15  4  0]
 [ 0  1 17  3]
 [ 1  1  3 19]]
OA: 77%
Cohen's kappa: 0.69
              precision    recall  f1-score   support

           0       0.91      0.74      0.82        27
           1       0.65      0.75      0.70        20
           2       0.68      0.81      0.74        21
           3       0.86      0.79      0.83        24

   micro avg       0.77      0.77      0.77        92
   macro avg       0.78      0.77      0.77        92
weighted avg       0.79      0.77      0.78        92
=====================================================
Epoch: 42
[[19  7  0  1]
 [ 3 12  3  2]
 [ 0  2 17  2]
 [ 0  2  4 18]]
OA: 71%
Cohen's kappa: 0.62
              precision    recall  f1-score   support

           0       0.86      0.70      0.78        27
           1       0.52      0.60      0.56        20
           2       0.71      0.81      0.76        21
           3       0.78      0.75      0.77        24

   micro avg       0.72      0.72      0.72        92
   macro avg       0.72      0.72      0.71        92
weighted avg       0.73      0.72      0.72        92
=====================================================
Epoch: 43
[[23  3  1  0]
 [ 6 10  4  0]
 [ 0  3 18  0]
 [ 0  5  4 15]]
OA: 71%
Cohen's kappa: 0.62
              precision    recall  f1-score   support

           0       0.79      0.85      0.82        27
           1       0.48      0.50      0.49        20
           2       0.67      0.86      0.75        21
           3       1.00      0.62      0.77        24

   micro avg       0.72      0.72      0.72        92
   macro avg       0.73      0.71      0.71        92
weighted avg       0.75      0.72      0.72        92
=====================================================
Epoch: 44
[[23  3  1  0]
 [ 6 10  4  0]
 [ 0  1 20  0]
 [ 1  5  4 14]]
OA: 72%
Cohen's kappa: 0.63
              precision    recall  f1-score   support

           0       0.77      0.85      0.81        27
           1       0.53      0.50      0.51        20
           2       0.69      0.95      0.80        21
           3       1.00      0.58      0.74        24

   micro avg       0.73      0.73      0.73        92
   macro avg       0.75      0.72      0.71        92
weighted avg       0.76      0.73      0.72        92
=====================================================
Epoch: 45
[[20  6  1  0]
 [ 3 15  2  0]
 [ 0  2 19  0]
 [ 0  3  5 16]]
OA: 76%
Cohen's kappa: 0.68
              precision    recall  f1-score   support

           0       0.87      0.74      0.80        27
           1       0.58      0.75      0.65        20
           2       0.70      0.90      0.79        21
           3       1.00      0.67      0.80        24

   micro avg       0.76      0.76      0.76        92
   macro avg       0.79      0.77      0.76        92
weighted avg       0.80      0.76      0.77        92
=====================================================
Epoch: 46
[[22  4  1  0]
 [ 4 12  4  0]
 [ 0  1 19  1]
 [ 1  5  7 11]]
OA: 69%
Cohen's kappa: 0.59
              precision    recall  f1-score   support

           0       0.81      0.81      0.81        27
           1       0.55      0.60      0.57        20
           2       0.61      0.90      0.73        21
           3       0.92      0.46      0.61        24

   micro avg       0.70      0.70      0.70        92
   macro avg       0.72      0.69      0.68        92
weighted avg       0.74      0.70      0.69        92
=====================================================
Epoch: 47
[[22  4  1  0]
 [ 5 11  4  0]
 [ 0  1 19  1]
 [ 1  7  7  9]]
OA: 66%
Cohen's kappa: 0.55
              precision    recall  f1-score   support

           0       0.79      0.81      0.80        27
           1       0.48      0.55      0.51        20
           2       0.61      0.90      0.73        21
           3       0.90      0.38      0.53        24

   micro avg       0.66      0.66      0.66        92
   macro avg       0.69      0.66      0.64        92
weighted avg       0.71      0.66      0.65        92
=====================================================
Epoch: 48
[[20  6  1  0]
 [ 4 15  1  0]
 [ 0  2 18  1]
 [ 0  4  3 17]]
OA: 76%
Cohen's kappa: 0.68
              precision    recall  f1-score   support

           0       0.83      0.74      0.78        27
           1       0.56      0.75      0.64        20
           2       0.78      0.86      0.82        21
           3       0.94      0.71      0.81        24

   micro avg       0.76      0.76      0.76        92
   macro avg       0.78      0.76      0.76        92
weighted avg       0.79      0.76      0.77        92
=====================================================
Epoch: 49
[[22  4  1  0]
 [ 5 10  3  2]
 [ 0  1 17  3]
 [ 2  3  3 16]]
OA: 70%
Cohen's kappa: 0.6
              precision    recall  f1-score   support

           0       0.76      0.81      0.79        27
           1       0.56      0.50      0.53        20
           2       0.71      0.81      0.76        21
           3       0.76      0.67      0.71        24

   micro avg       0.71      0.71      0.71        92
   macro avg       0.70      0.70      0.69        92
weighted avg       0.70      0.71      0.70        92
=====================================================
Epoch: 50
[[21  5  1  0]
 [ 2 15  3  0]
 [ 0  2 18  1]
 [ 0  7  2 15]]
OA: 75%
Cohen's kappa: 0.66
              precision    recall  f1-score   support

           0       0.91      0.78      0.84        27
           1       0.52      0.75      0.61        20
           2       0.75      0.86      0.80        21
           3       0.94      0.62      0.75        24

   micro avg       0.75      0.75      0.75        92
   macro avg       0.78      0.75      0.75        92
weighted avg       0.80      0.75      0.76        92
=====================================================
Epoch: 51
[[23  3  1  0]
 [ 5 13  2  0]
 [ 0  7 12  2]
 [ 1  3  2 18]]
OA: 71%
Cohen's kappa: 0.62
              precision    recall  f1-score   support

           0       0.79      0.85      0.82        27
           1       0.50      0.65      0.57        20
           2       0.71      0.57      0.63        21
           3       0.90      0.75      0.82        24

   micro avg       0.72      0.72      0.72        92
   macro avg       0.72      0.71      0.71        92
weighted avg       0.74      0.72      0.72        92
=====================================================
Epoch: 52
[[21  5  1  0]
 [ 1 15  4  0]
 [ 0  1 19  1]
 [ 0  5  5 14]]
OA: 75%
Cohen's kappa: 0.66
              precision    recall  f1-score   support

           0       0.95      0.78      0.86        27
           1       0.58      0.75      0.65        20
           2       0.66      0.90      0.76        21
           3       0.93      0.58      0.72        24

   micro avg       0.75      0.75      0.75        92
   macro avg       0.78      0.75      0.75        92
weighted avg       0.80      0.75      0.75        92
=====================================================
Epoch: 53
[[21  4  1  1]
 [ 1 16  3  0]
 [ 0  1 19  1]
 [ 0  7  4 13]]
OA: 75%
Cohen's kappa: 0.66
              precision    recall  f1-score   support

           0       0.95      0.78      0.86        27
           1       0.57      0.80      0.67        20
           2       0.70      0.90      0.79        21
           3       0.87      0.54      0.67        24

   micro avg       0.75      0.75      0.75        92
   macro avg       0.77      0.76      0.75        92
weighted avg       0.79      0.75      0.75        92
=====================================================
Epoch: 54
[[19  4  2  2]
 [ 2 16  2  0]
 [ 0  5 15  1]
 [ 0  8  3 13]]
OA: 68%
Cohen's kappa: 0.58
              precision    recall  f1-score   support

           0       0.90      0.70      0.79        27
           1       0.48      0.80      0.60        20
           2       0.68      0.71      0.70        21
           3       0.81      0.54      0.65        24

   micro avg       0.68      0.68      0.68        92
   macro avg       0.72      0.69      0.69        92
weighted avg       0.74      0.68      0.69        92
=====================================================
Epoch: 55
[[21  5  1  0]
 [ 1 15  4  0]
 [ 0  1 18  2]
 [ 0  7  4 13]]
OA: 72%
Cohen's kappa: 0.63
              precision    recall  f1-score   support

           0       0.95      0.78      0.86        27
           1       0.54      0.75      0.63        20
           2       0.67      0.86      0.75        21
           3       0.87      0.54      0.67        24

   micro avg       0.73      0.73      0.73        92
   macro avg       0.76      0.73      0.72        92
weighted avg       0.77      0.73      0.73        92
=====================================================
Epoch: 56
[[22  5  0  0]
 [ 4  8  6  2]
 [ 0  1 18  2]
 [ 3  3  2 16]]
OA: 69%
Cohen's kappa: 0.59
              precision    recall  f1-score   support

           0       0.76      0.81      0.79        27
           1       0.47      0.40      0.43        20
           2       0.69      0.86      0.77        21
           3       0.80      0.67      0.73        24

   micro avg       0.70      0.70      0.70        92
   macro avg       0.68      0.68      0.68        92
weighted avg       0.69      0.70      0.69        92
=====================================================
Epoch: 57
[[21  4  1  1]
 [ 5 11  3  1]
 [ 0  1 18  2]
 [ 0  5  4 15]]
OA: 70%
Cohen's kappa: 0.6
              precision    recall  f1-score   support

           0       0.81      0.78      0.79        27
           1       0.52      0.55      0.54        20
           2       0.69      0.86      0.77        21
           3       0.79      0.62      0.70        24

   micro avg       0.71      0.71      0.71        92
   macro avg       0.70      0.70      0.70        92
weighted avg       0.71      0.71      0.71        92
=====================================================
Epoch: 58
[[20  6  1  0]
 [ 2 15  3  0]
 [ 1  1 18  1]
 [ 0  6  7 11]]
OA: 69%
Cohen's kappa: 0.59
              precision    recall  f1-score   support

           0       0.87      0.74      0.80        27
           1       0.54      0.75      0.63        20
           2       0.62      0.86      0.72        21
           3       0.92      0.46      0.61        24

   micro avg       0.70      0.70      0.70        92
   macro avg       0.74      0.70      0.69        92
weighted avg       0.75      0.70      0.69        92
=====================================================
Epoch: 59
[[21  6  0  0]
 [ 3 15  2  0]
 [ 0  1 18  2]
 [ 0  9  4 11]]
OA: 70%
Cohen's kappa: 0.61
              precision    recall  f1-score   support

           0       0.88      0.78      0.82        27
           1       0.48      0.75      0.59        20
           2       0.75      0.86      0.80        21
           3       0.85      0.46      0.59        24

   micro avg       0.71      0.71      0.71        92
   macro avg       0.74      0.71      0.70        92
weighted avg       0.75      0.71      0.71        92
=====================================================
Epoch: 60
[[20  5  1  1]
 [ 3 11  3  3]
 [ 0  1 17  3]
 [ 0  1  5 18]]
OA: 71%
Cohen's kappa: 0.62
              precision    recall  f1-score   support

           0       0.87      0.74      0.80        27
           1       0.61      0.55      0.58        20
           2       0.65      0.81      0.72        21
           3       0.72      0.75      0.73        24

   micro avg       0.72      0.72      0.72        92
   macro avg       0.71      0.71      0.71        92
weighted avg       0.73      0.72      0.72        92
=====================================================
Epoch: 61
[[17  9  0  1]
 [ 0 17  3  0]
 [ 0  2 16  3]
 [ 0  6  4 14]]
OA: 69%
Cohen's kappa: 0.59
              precision    recall  f1-score   support

           0       1.00      0.63      0.77        27
           1       0.50      0.85      0.63        20
           2       0.70      0.76      0.73        21
           3       0.78      0.58      0.67        24

   micro avg       0.70      0.70      0.70        92
   macro avg       0.74      0.71      0.70        92
weighted avg       0.76      0.70      0.70        92
=====================================================
Epoch: 62
[[23  2  2  0]
 [ 6  9  5  0]
 [ 0  1 17  3]
 [ 1  2  8 13]]
OA: 67%
Cohen's kappa: 0.56
              precision    recall  f1-score   support

           0       0.77      0.85      0.81        27
           1       0.64      0.45      0.53        20
           2       0.53      0.81      0.64        21
           3       0.81      0.54      0.65        24

   micro avg       0.67      0.67      0.67        92
   macro avg       0.69      0.66      0.66        92
weighted avg       0.70      0.67      0.67        92
=====================================================
Epoch: 63
[[21  5  1  0]
 [ 2 13  3  2]
 [ 0  1 17  3]
 [ 0  2  5 17]]
OA: 73%
Cohen's kappa: 0.65
              precision    recall  f1-score   support

           0       0.91      0.78      0.84        27
           1       0.62      0.65      0.63        20
           2       0.65      0.81      0.72        21
           3       0.77      0.71      0.74        24

   micro avg       0.74      0.74      0.74        92
   macro avg       0.74      0.74      0.73        92
weighted avg       0.75      0.74      0.74        92
=====================================================
Epoch: 64
[[20  6  0  1]
 [ 2 15  3  0]
 [ 0  1 19  1]
 [ 0  3  9 12]]
OA: 71%
Cohen's kappa: 0.62
              precision    recall  f1-score   support

           0       0.91      0.74      0.82        27
           1       0.60      0.75      0.67        20
           2       0.61      0.90      0.73        21
           3       0.86      0.50      0.63        24

   micro avg       0.72      0.72      0.72        92
   macro avg       0.74      0.72      0.71        92
weighted avg       0.76      0.72      0.72        92
=====================================================
Epoch: 65
[[21  5  1  0]
 [ 4 12  4  0]
 [ 0  1 19  1]
 [ 0  3  6 15]]
OA: 72%
Cohen's kappa: 0.63
              precision    recall  f1-score   support

           0       0.84      0.78      0.81        27
           1       0.57      0.60      0.59        20
           2       0.63      0.90      0.75        21
           3       0.94      0.62      0.75        24

   micro avg       0.73      0.73      0.73        92
   macro avg       0.75      0.73      0.72        92
weighted avg       0.76      0.73      0.73        92
=====================================================
Epoch: 66
[[21  5  1  0]
 [ 2 15  3  0]
 [ 0  1 19  1]
 [ 1  6  4 13]]
OA: 73%
Cohen's kappa: 0.65
              precision    recall  f1-score   support

           0       0.88      0.78      0.82        27
           1       0.56      0.75      0.64        20
           2       0.70      0.90      0.79        21
           3       0.93      0.54      0.68        24

   micro avg       0.74      0.74      0.74        92
   macro avg       0.77      0.74      0.73        92
weighted avg       0.78      0.74      0.74        92
=====================================================
Epoch: 67
[[20  4  3  0]
 [ 5  7  6  2]
 [ 0  0 21  0]
 [ 0  1  6 17]]
OA: 70%
Cohen's kappa: 0.6
              precision    recall  f1-score   support

           0       0.80      0.74      0.77        27
           1       0.58      0.35      0.44        20
           2       0.58      1.00      0.74        21
           3       0.89      0.71      0.79        24

   micro avg       0.71      0.71      0.71        92
   macro avg       0.72      0.70      0.68        92
weighted avg       0.73      0.71      0.70        92
=====================================================
Epoch: 68
[[19  7  1  0]
 [ 0 17  2  1]
 [ 0  3 16  2]
 [ 0  3  3 18]]
OA: 76%
Cohen's kappa: 0.68
              precision    recall  f1-score   support

           0       1.00      0.70      0.83        27
           1       0.57      0.85      0.68        20
           2       0.73      0.76      0.74        21
           3       0.86      0.75      0.80        24

   micro avg       0.76      0.76      0.76        92
   macro avg       0.79      0.77      0.76        92
weighted avg       0.81      0.76      0.77        92
=====================================================
Epoch: 69
[[19  8  0  0]
 [ 1 17  2  0]
 [ 0  2 18  1]
 [ 0 10  4 10]]
OA: 69%
Cohen's kappa: 0.59
              precision    recall  f1-score   support

           0       0.95      0.70      0.81        27
           1       0.46      0.85      0.60        20
           2       0.75      0.86      0.80        21
           3       0.91      0.42      0.57        24

   micro avg       0.70      0.70      0.70        92
   macro avg       0.77      0.71      0.69        92
weighted avg       0.79      0.70      0.70        92
=====================================================
Epoch: 70
[[22  4  1  0]
 [ 4 12  4  0]
 [ 0  2 18  1]
 [ 2  6  4 12]]
OA: 69%
Cohen's kappa: 0.59
              precision    recall  f1-score   support

           0       0.79      0.81      0.80        27
           1       0.50      0.60      0.55        20
           2       0.67      0.86      0.75        21
           3       0.92      0.50      0.65        24

   micro avg       0.70      0.70      0.70        92
   macro avg       0.72      0.69      0.69        92
weighted avg       0.73      0.70      0.69        92
=====================================================
Epoch: 71
[[19  6  1  1]
 [ 1 15  4  0]
 [ 0  1 19  1]
 [ 0  2  7 15]]
OA: 73%
Cohen's kappa: 0.65
              precision    recall  f1-score   support

           0       0.95      0.70      0.81        27
           1       0.62      0.75      0.68        20
           2       0.61      0.90      0.73        21
           3       0.88      0.62      0.73        24

   micro avg       0.74      0.74      0.74        92
   macro avg       0.77      0.75      0.74        92
weighted avg       0.78      0.74      0.74        92
=====================================================
Epoch: 72
[[20  5  2  0]
 [ 3 14  3  0]
 [ 0  2 18  1]
 [ 0  5  5 14]]
OA: 71%
Cohen's kappa: 0.62
              precision    recall  f1-score   support

           0       0.87      0.74      0.80        27
           1       0.54      0.70      0.61        20
           2       0.64      0.86      0.73        21
           3       0.93      0.58      0.72        24

   micro avg       0.72      0.72      0.72        92
   macro avg       0.75      0.72      0.72        92
weighted avg       0.76      0.72      0.72        92
=====================================================
Epoch: 73
[[24  2  1  0]
 [ 5 12  3  0]
 [ 0  1 18  2]
 [ 1  5  6 12]]
OA: 71%
Cohen's kappa: 0.62
              precision    recall  f1-score   support

           0       0.80      0.89      0.84        27
           1       0.60      0.60      0.60        20
           2       0.64      0.86      0.73        21
           3       0.86      0.50      0.63        24

   micro avg       0.72      0.72      0.72        92
   macro avg       0.72      0.71      0.70        92
weighted avg       0.74      0.72      0.71        92
=====================================================
Epoch: 74
[[21  5  1  0]
 [ 3 14  2  1]
 [ 0  1 18  2]
 [ 0  5  4 15]]
OA: 73%
Cohen's kappa: 0.65
              precision    recall  f1-score   support

           0       0.88      0.78      0.82        27
           1       0.56      0.70      0.62        20
           2       0.72      0.86      0.78        21
           3       0.83      0.62      0.71        24

   micro avg       0.74      0.74      0.74        92
   macro avg       0.75      0.74      0.74        92
weighted avg       0.76      0.74      0.74        92
=====================================================
Epoch: 75
[[21  5  1  0]
 [ 5 10  3  2]
 [ 0  1 18  2]
 [ 1  0  6 17]]
OA: 71%
Cohen's kappa: 0.62
              precision    recall  f1-score   support

           0       0.78      0.78      0.78        27
           1       0.62      0.50      0.56        20
           2       0.64      0.86      0.73        21
           3       0.81      0.71      0.76        24

   micro avg       0.72      0.72      0.72        92
   macro avg       0.71      0.71      0.71        92
weighted avg       0.72      0.72      0.71        92
=====================================================
Epoch: 76
[[20  6  1  0]
 [ 3 11  6  0]
 [ 0  1 19  1]
 [ 2  0 11 11]]
OA: 66%
Cohen's kappa: 0.55
              precision    recall  f1-score   support

           0       0.80      0.74      0.77        27
           1       0.61      0.55      0.58        20
           2       0.51      0.90      0.66        21
           3       0.92      0.46      0.61        24

   micro avg       0.66      0.66      0.66        92
   macro avg       0.71      0.66      0.65        92
weighted avg       0.72      0.66      0.66        92
=====================================================
Epoch: 77
[[18  7  2  0]
 [ 1 14  3  2]
 [ 0  1 18  2]
 [ 1  3  3 17]]
OA: 72%
Cohen's kappa: 0.63
              precision    recall  f1-score   support

           0       0.90      0.67      0.77        27
           1       0.56      0.70      0.62        20
           2       0.69      0.86      0.77        21
           3       0.81      0.71      0.76        24

   micro avg       0.73      0.73      0.73        92
   macro avg       0.74      0.73      0.73        92
weighted avg       0.76      0.73      0.73        92
=====================================================
Epoch: 78
[[22  4  1  0]
 [ 3 13  4  0]
 [ 0  1 20  0]
 [ 2  4  6 12]]
OA: 72%
Cohen's kappa: 0.63
              precision    recall  f1-score   support

           0       0.81      0.81      0.81        27
           1       0.59      0.65      0.62        20
           2       0.65      0.95      0.77        21
           3       1.00      0.50      0.67        24

   micro avg       0.73      0.73      0.73        92
   macro avg       0.76      0.73      0.72        92
weighted avg       0.78      0.73      0.72        92
=====================================================
Epoch: 79
[[22  4  1  0]
 [ 2 15  3  0]
 [ 0  1 19  1]
 [ 1  2  8 13]]
OA: 75%
Cohen's kappa: 0.66
              precision    recall  f1-score   support

           0       0.88      0.81      0.85        27
           1       0.68      0.75      0.71        20
           2       0.61      0.90      0.73        21
           3       0.93      0.54      0.68        24

   micro avg       0.75      0.75      0.75        92
   macro avg       0.78      0.75      0.74        92
weighted avg       0.79      0.75      0.75        92
=====================================================
Epoch: 80
[[22  4  0  1]
 [ 2 15  3  0]
 [ 0  2 17  2]
 [ 1  3  3 17]]
OA: 77%
Cohen's kappa: 0.69
              precision    recall  f1-score   support

           0       0.88      0.81      0.85        27
           1       0.62      0.75      0.68        20
           2       0.74      0.81      0.77        21
           3       0.85      0.71      0.77        24

   micro avg       0.77      0.77      0.77        92
   macro avg       0.77      0.77      0.77        92
weighted avg       0.78      0.77      0.77        92
=====================================================
Epoch: 81
[[20  6  1  0]
 [ 2 16  2  0]
 [ 0  3 18  0]
 [ 1  6  7 10]]
OA: 69%
Cohen's kappa: 0.59
              precision    recall  f1-score   support

           0       0.87      0.74      0.80        27
           1       0.52      0.80      0.63        20
           2       0.64      0.86      0.73        21
           3       1.00      0.42      0.59        24

   micro avg       0.70      0.70      0.70        92
   macro avg       0.76      0.70      0.69        92
weighted avg       0.78      0.70      0.69        92
=====================================================
Epoch: 82
[[22  4  0  1]
 [ 4 14  2  0]
 [ 0  1 17  3]
 [ 2  2  3 17]]
OA: 76%
Cohen's kappa: 0.67
              precision    recall  f1-score   support

           0       0.79      0.81      0.80        27
           1       0.67      0.70      0.68        20
           2       0.77      0.81      0.79        21
           3       0.81      0.71      0.76        24

   micro avg       0.76      0.76      0.76        92
   macro avg       0.76      0.76      0.76        92
weighted avg       0.76      0.76      0.76        92
=====================================================
Epoch: 83
[[20  5  1  1]
 [ 2 13  3  2]
 [ 0  1 19  1]
 [ 0  6  4 14]]
OA: 71%
Cohen's kappa: 0.62
              precision    recall  f1-score   support

           0       0.91      0.74      0.82        27
           1       0.52      0.65      0.58        20
           2       0.70      0.90      0.79        21
           3       0.78      0.58      0.67        24

   micro avg       0.72      0.72      0.72        92
   macro avg       0.73      0.72      0.71        92
weighted avg       0.74      0.72      0.72        92
=====================================================
Epoch: 84
[[22  5  0  0]
 [ 1 16  3  0]
 [ 0  1 20  0]
 [ 0  5  7 12]]
OA: 76%
Cohen's kappa: 0.68
              precision    recall  f1-score   support

           0       0.96      0.81      0.88        27
           1       0.59      0.80      0.68        20
           2       0.67      0.95      0.78        21
           3       1.00      0.50      0.67        24

   micro avg       0.76      0.76      0.76        92
   macro avg       0.80      0.77      0.75        92
weighted avg       0.82      0.76      0.76        92
=====================================================
Epoch: 85
[[22  4  0  1]
 [ 4 12  2  2]
 [ 0  1 19  1]
 [ 0  2  6 16]]
OA: 75%
Cohen's kappa: 0.66
              precision    recall  f1-score   support

           0       0.85      0.81      0.83        27
           1       0.63      0.60      0.62        20
           2       0.70      0.90      0.79        21
           3       0.80      0.67      0.73        24

   micro avg       0.75      0.75      0.75        92
   macro avg       0.75      0.75      0.74        92
weighted avg       0.75      0.75      0.75        92
=====================================================
Epoch: 86
[[21  5  1  0]
 [ 3 15  2  0]
 [ 0  2 18  1]
 [ 1  8  4 11]]
OA: 70%
Cohen's kappa: 0.61
              precision    recall  f1-score   support

           0       0.84      0.78      0.81        27
           1       0.50      0.75      0.60        20
           2       0.72      0.86      0.78        21
           3       0.92      0.46      0.61        24

   micro avg       0.71      0.71      0.71        92
   macro avg       0.74      0.71      0.70        92
weighted avg       0.76      0.71      0.71        92
=====================================================
Epoch: 87
[[22  4  1  0]
 [ 2 16  2  0]
 [ 0  2 18  1]
 [ 1  8  2 13]]
OA: 75%
Cohen's kappa: 0.66
              precision    recall  f1-score   support

           0       0.88      0.81      0.85        27
           1       0.53      0.80      0.64        20
           2       0.78      0.86      0.82        21
           3       0.93      0.54      0.68        24

   micro avg       0.75      0.75      0.75        92
   macro avg       0.78      0.75      0.75        92
weighted avg       0.80      0.75      0.75        92
=====================================================
Epoch: 88
[[23  3  1  0]
 [ 5 11  4  0]
 [ 0  2 18  1]
 [ 1  3  7 13]]
OA: 70%
Cohen's kappa: 0.6
              precision    recall  f1-score   support

           0       0.79      0.85      0.82        27
           1       0.58      0.55      0.56        20
           2       0.60      0.86      0.71        21
           3       0.93      0.54      0.68        24

   micro avg       0.71      0.71      0.71        92
   macro avg       0.73      0.70      0.69        92
weighted avg       0.74      0.71      0.70        92
=====================================================
Epoch: 89
[[21  4  1  1]
 [ 1 16  2  1]
 [ 0  2 17  2]
 [ 0  2  3 19]]
OA: 79%
Cohen's kappa: 0.72
              precision    recall  f1-score   support

           0       0.95      0.78      0.86        27
           1       0.67      0.80      0.73        20
           2       0.74      0.81      0.77        21
           3       0.83      0.79      0.81        24

   micro avg       0.79      0.79      0.79        92
   macro avg       0.80      0.79      0.79        92
weighted avg       0.81      0.79      0.80        92
=====================================================
Epoch: 90
[[22  4  1  0]
 [ 5 13  2  0]
 [ 0  2 19  0]
 [ 1  5 10  8]]
OA: 67%
Cohen's kappa: 0.56
              precision    recall  f1-score   support

           0       0.79      0.81      0.80        27
           1       0.54      0.65      0.59        20
           2       0.59      0.90      0.72        21
           3       1.00      0.33      0.50        24

   micro avg       0.67      0.67      0.67        92
   macro avg       0.73      0.68      0.65        92
weighted avg       0.74      0.67      0.66        92
=====================================================
Epoch: 91
[[22  4  1  0]
 [ 1  9  8  2]
 [ 0  1 19  1]
 [ 0  1 12 11]]
OA: 66%
Cohen's kappa: 0.55
              precision    recall  f1-score   support

           0       0.96      0.81      0.88        27
           1       0.60      0.45      0.51        20
           2       0.47      0.90      0.62        21
           3       0.79      0.46      0.58        24

   micro avg       0.66      0.66      0.66        92
   macro avg       0.70      0.66      0.65        92
weighted avg       0.72      0.66      0.66        92
=====================================================
Epoch: 92
[[21  5  1  0]
 [ 1 16  2  1]
 [ 0  1 18  2]
 [ 0  4  5 15]]
OA: 76%
Cohen's kappa: 0.68
              precision    recall  f1-score   support

           0       0.95      0.78      0.86        27
           1       0.62      0.80      0.70        20
           2       0.69      0.86      0.77        21
           3       0.83      0.62      0.71        24

   micro avg       0.76      0.76      0.76        92
   macro avg       0.77      0.76      0.76        92
weighted avg       0.79      0.76      0.76        92
=====================================================
Epoch: 93
[[22  3  1  1]
 [ 3 12  2  3]
 [ 0  1 18  2]
 [ 1  5  4 14]]
OA: 71%
Cohen's kappa: 0.62
              precision    recall  f1-score   support

           0       0.85      0.81      0.83        27
           1       0.57      0.60      0.59        20
           2       0.72      0.86      0.78        21
           3       0.70      0.58      0.64        24

   micro avg       0.72      0.72      0.72        92
   macro avg       0.71      0.71      0.71        92
weighted avg       0.72      0.72      0.72        92
=====================================================
Epoch: 94
[[21  5  1  0]
 [ 3 11  5  1]
 [ 0  1 19  1]
 [ 1  3  9 11]]
OA: 67%
Cohen's kappa: 0.56
              precision    recall  f1-score   support

           0       0.84      0.78      0.81        27
           1       0.55      0.55      0.55        20
           2       0.56      0.90      0.69        21
           3       0.85      0.46      0.59        24

   micro avg       0.67      0.67      0.67        92
   macro avg       0.70      0.67      0.66        92
weighted avg       0.71      0.67      0.67        92
=====================================================
Epoch: 95
[[18  8  1  0]
 [ 1 15  2  2]
 [ 0  1 18  2]
 [ 0  6  2 16]]
OA: 72%
Cohen's kappa: 0.63
              precision    recall  f1-score   support

           0       0.95      0.67      0.78        27
           1       0.50      0.75      0.60        20
           2       0.78      0.86      0.82        21
           3       0.80      0.67      0.73        24

   micro avg       0.73      0.73      0.73        92
   macro avg       0.76      0.74      0.73        92
weighted avg       0.77      0.73      0.74        92
=====================================================
Epoch: 96
[[21  5  1  0]
 [ 1 16  2  1]
 [ 0  1 18  2]
 [ 0  6  2 16]]
OA: 77%
Cohen's kappa: 0.69
              precision    recall  f1-score   support

           0       0.95      0.78      0.86        27
           1       0.57      0.80      0.67        20
           2       0.78      0.86      0.82        21
           3       0.84      0.67      0.74        24

   micro avg       0.77      0.77      0.77        92
   macro avg       0.79      0.78      0.77        92
weighted avg       0.80      0.77      0.78        92
=====================================================
Epoch: 97
[[22  4  1  0]
 [ 2 11  6  1]
 [ 0  1 19  1]
 [ 2  1  9 12]]
OA: 69%
Cohen's kappa: 0.59
              precision    recall  f1-score   support

           0       0.85      0.81      0.83        27
           1       0.65      0.55      0.59        20
           2       0.54      0.90      0.68        21
           3       0.86      0.50      0.63        24

   micro avg       0.70      0.70      0.70        92
   macro avg       0.72      0.69      0.68        92
weighted avg       0.74      0.70      0.69        92
=====================================================
Epoch: 98
[[21  5  1  0]
 [ 1 16  2  1]
 [ 0  2 18  1]
 [ 0 13  1 10]]
OA: 70%
Cohen's kappa: 0.61
              precision    recall  f1-score   support

           0       0.95      0.78      0.86        27
           1       0.44      0.80      0.57        20
           2       0.82      0.86      0.84        21
           3       0.83      0.42      0.56        24

   micro avg       0.71      0.71      0.71        92
   macro avg       0.76      0.71      0.71        92
weighted avg       0.78      0.71      0.71        92
=====================================================
Epoch: 99
[[20  5  2  0]
 [ 1 17  2  0]
 [ 0  3 17  1]
 [ 0  9  6  9]]
OA: 68%
Cohen's kappa: 0.58
              precision    recall  f1-score   support

           0       0.95      0.74      0.83        27
           1       0.50      0.85      0.63        20
           2       0.63      0.81      0.71        21
           3       0.90      0.38      0.53        24

   micro avg       0.68      0.68      0.68        92
   macro avg       0.75      0.69      0.68        92
weighted avg       0.77      0.68      0.68        92
=====================================================
Epoch: 100
[[20  5  2  0]
 [ 1 16  3  0]
 [ 0  1 19  1]
 [ 0  5  4 15]]
OA: 76%
Cohen's kappa: 0.68
              precision    recall  f1-score   support

           0       0.95      0.74      0.83        27
           1       0.59      0.80      0.68        20
           2       0.68      0.90      0.78        21
           3       0.94      0.62      0.75        24

   micro avg       0.76      0.76      0.76        92
   macro avg       0.79      0.77      0.76        92
weighted avg       0.81      0.76      0.77        92
