=====================================================
Epoch: 1
[[48  3  0  0]
 [ 5 43  1  2]
 [ 0 14 22 15]
 [ 2  7  3 39]]
OA: 74%
Cohen's kappa: 0.66
              precision    recall  f1-score   support

           0       0.87      0.94      0.91        51
           1       0.64      0.84      0.73        51
           2       0.85      0.43      0.57        51
           3       0.70      0.76      0.73        51

   micro avg       0.75      0.75      0.75       204
   macro avg       0.76      0.75      0.73       204
weighted avg       0.76      0.75      0.73       204
=====================================================
Epoch: 2
[[51  0  0  0]
 [ 9 38  2  2]
 [ 5  2 39  5]
 [ 6  0 12 33]]
OA: 78%
Cohen's kappa: 0.71
              precision    recall  f1-score   support

           0       0.72      1.00      0.84        51
           1       0.95      0.75      0.84        51
           2       0.74      0.76      0.75        51
           3       0.82      0.65      0.73        51

   micro avg       0.79      0.79      0.79       204
   macro avg       0.81      0.79      0.79       204
weighted avg       0.81      0.79      0.79       204
=====================================================
Epoch: 3
[[46  5  0  0]
 [ 2 38  4  7]
 [ 0  5 36 10]
 [ 0  0  6 45]]
OA: 80%
Cohen's kappa: 0.74
              precision    recall  f1-score   support

           0       0.96      0.90      0.93        51
           1       0.79      0.75      0.77        51
           2       0.78      0.71      0.74        51
           3       0.73      0.88      0.80        51

   micro avg       0.81      0.81      0.81       204
   macro avg       0.81      0.81      0.81       204
weighted avg       0.81      0.81      0.81       204
=====================================================
Epoch: 4
[[42  7  0  2]
 [ 4 32 10  5]
 [ 0  1 41  9]
 [ 0  0  9 42]]
OA: 76%
Cohen's kappa: 0.69
              precision    recall  f1-score   support

           0       0.91      0.82      0.87        51
           1       0.80      0.63      0.70        51
           2       0.68      0.80      0.74        51
           3       0.72      0.82      0.77        51

   micro avg       0.77      0.77      0.77       204
   macro avg       0.78      0.77      0.77       204
weighted avg       0.78      0.77      0.77       204
=====================================================
Epoch: 5
[[49  2  0  0]
 [ 5 41  2  3]
 [ 0  3 32 16]
 [ 2  1  3 45]]
OA: 81%
Cohen's kappa: 0.75
              precision    recall  f1-score   support

           0       0.88      0.96      0.92        51
           1       0.87      0.80      0.84        51
           2       0.86      0.63      0.73        51
           3       0.70      0.88      0.78        51

   micro avg       0.82      0.82      0.82       204
   macro avg       0.83      0.82      0.82       204
weighted avg       0.83      0.82      0.82       204
=====================================================
Epoch: 6
[[49  2  0  0]
 [ 2 39  7  3]
 [ 0  1 32 18]
 [ 0  0  4 47]]
OA: 81%
Cohen's kappa: 0.75
              precision    recall  f1-score   support

           0       0.96      0.96      0.96        51
           1       0.93      0.76      0.84        51
           2       0.74      0.63      0.68        51
           3       0.69      0.92      0.79        51

   micro avg       0.82      0.82      0.82       204
   macro avg       0.83      0.82      0.82       204
weighted avg       0.83      0.82      0.82       204
=====================================================
Epoch: 7
[[46  2  0  3]
 [ 2 42  3  4]
 [ 0  3 40  8]
 [ 0  1 10 40]]
OA: 82%
Cohen's kappa: 0.76
              precision    recall  f1-score   support

           0       0.96      0.90      0.93        51
           1       0.88      0.82      0.85        51
           2       0.75      0.78      0.77        51
           3       0.73      0.78      0.75        51

   micro avg       0.82      0.82      0.82       204
   macro avg       0.83      0.82      0.83       204
weighted avg       0.83      0.82      0.83       204
=====================================================
Epoch: 8
[[46  5  0  0]
 [ 2 45  3  1]
 [ 0  3 40  8]
 [ 2  0 11 38]]
OA: 82%
Cohen's kappa: 0.77
              precision    recall  f1-score   support

           0       0.92      0.90      0.91        51
           1       0.85      0.88      0.87        51
           2       0.74      0.78      0.76        51
           3       0.81      0.75      0.78        51

   micro avg       0.83      0.83      0.83       204
   macro avg       0.83      0.83      0.83       204
weighted avg       0.83      0.83      0.83       204
=====================================================
Epoch: 9
[[42  7  0  2]
 [ 1 41  4  5]
 [ 0  2 45  4]
 [ 0  0 17 34]]
OA: 79%
Cohen's kappa: 0.72
              precision    recall  f1-score   support

           0       0.98      0.82      0.89        51
           1       0.82      0.80      0.81        51
           2       0.68      0.88      0.77        51
           3       0.76      0.67      0.71        51

   micro avg       0.79      0.79      0.79       204
   macro avg       0.81      0.79      0.80       204
weighted avg       0.81      0.79      0.80       204
=====================================================
Epoch: 10
[[42  6  0  3]
 [ 1 41  4  5]
 [ 0  9 33  9]
 [ 0  1 13 37]]
OA: 75%
Cohen's kappa: 0.66
              precision    recall  f1-score   support

           0       0.98      0.82      0.89        51
           1       0.72      0.80      0.76        51
           2       0.66      0.65      0.65        51
           3       0.69      0.73      0.70        51

   micro avg       0.75      0.75      0.75       204
   macro avg       0.76      0.75      0.75       204
weighted avg       0.76      0.75      0.75       204
=====================================================
Epoch: 11
[[49  2  0  0]
 [ 5 42  3  1]
 [ 0  5 42  4]
 [ 0  3  7 41]]
OA: 85%
Cohen's kappa: 0.8
              precision    recall  f1-score   support

           0       0.91      0.96      0.93        51
           1       0.81      0.82      0.82        51
           2       0.81      0.82      0.82        51
           3       0.89      0.80      0.85        51

   micro avg       0.85      0.85      0.85       204
   macro avg       0.85      0.85      0.85       204
weighted avg       0.85      0.85      0.85       204
=====================================================
Epoch: 12
[[51  0  0  0]
 [ 7 35  6  3]
 [ 1  1 39 10]
 [ 0  0 12 39]]
OA: 80%
Cohen's kappa: 0.73
              precision    recall  f1-score   support

           0       0.86      1.00      0.93        51
           1       0.97      0.69      0.80        51
           2       0.68      0.76      0.72        51
           3       0.75      0.76      0.76        51

   micro avg       0.80      0.80      0.80       204
   macro avg       0.82      0.80      0.80       204
weighted avg       0.82      0.80      0.80       204
=====================================================
Epoch: 13
[[38 10  1  2]
 [ 2 45  3  1]
 [ 0  4 41  6]
 [ 0  4 12 35]]
OA: 77%
Cohen's kappa: 0.7
              precision    recall  f1-score   support

           0       0.95      0.75      0.84        51
           1       0.71      0.88      0.79        51
           2       0.72      0.80      0.76        51
           3       0.80      0.69      0.74        51

   micro avg       0.78      0.78      0.78       204
   macro avg       0.79      0.78      0.78       204
weighted avg       0.79      0.78      0.78       204
=====================================================
Epoch: 14
[[45  3  0  3]
 [ 4 22 12 13]
 [ 0  1 47  3]
 [ 1  0 14 36]]
OA: 73%
Cohen's kappa: 0.64
              precision    recall  f1-score   support

           0       0.90      0.88      0.89        51
           1       0.85      0.43      0.57        51
           2       0.64      0.92      0.76        51
           3       0.65      0.71      0.68        51

   micro avg       0.74      0.74      0.74       204
   macro avg       0.76      0.74      0.72       204
weighted avg       0.76      0.74      0.72       204
=====================================================
Epoch: 15
[[43  5  2  1]
 [ 1 39 10  1]
 [ 0  2 45  4]
 [ 0  0 19 32]]
OA: 77%
Cohen's kappa: 0.7
              precision    recall  f1-score   support

           0       0.98      0.84      0.91        51
           1       0.85      0.76      0.80        51
           2       0.59      0.88      0.71        51
           3       0.84      0.63      0.72        51

   micro avg       0.78      0.78      0.78       204
   macro avg       0.81      0.78      0.78       204
weighted avg       0.81      0.78      0.78       204
=====================================================
Epoch: 16
[[39 12  0  0]
 [ 1 45  4  1]
 [ 0  5 38  8]
 [ 0  0  2 49]]
OA: 83%
Cohen's kappa: 0.78
              precision    recall  f1-score   support

           0       0.97      0.76      0.86        51
           1       0.73      0.88      0.80        51
           2       0.86      0.75      0.80        51
           3       0.84      0.96      0.90        51

   micro avg       0.84      0.84      0.84       204
   macro avg       0.85      0.84      0.84       204
weighted avg       0.85      0.84      0.84       204
=====================================================
Epoch: 17
[[46  5  0  0]
 [ 3 42  3  3]
 [ 0  1 44  6]
 [ 0  0  3 48]]
OA: 88%
Cohen's kappa: 0.84
              precision    recall  f1-score   support

           0       0.94      0.90      0.92        51
           1       0.88      0.82      0.85        51
           2       0.88      0.86      0.87        51
           3       0.84      0.94      0.89        51

   micro avg       0.88      0.88      0.88       204
   macro avg       0.88      0.88      0.88       204
weighted avg       0.88      0.88      0.88       204
=====================================================
Epoch: 18
[[47  2  1  1]
 [ 6 39  3  3]
 [ 0  4 36 11]
 [ 1  1  2 47]]
OA: 82%
Cohen's kappa: 0.77
              precision    recall  f1-score   support

           0       0.87      0.92      0.90        51
           1       0.85      0.76      0.80        51
           2       0.86      0.71      0.77        51
           3       0.76      0.92      0.83        51

   micro avg       0.83      0.83      0.83       204
   macro avg       0.83      0.83      0.83       204
weighted avg       0.83      0.83      0.83       204
=====================================================
Epoch: 19
[[44  5  0  2]
 [ 1 43  4  3]
 [ 0  2 45  4]
 [ 1  2 14 34]]
OA: 81%
Cohen's kappa: 0.75
              precision    recall  f1-score   support

           0       0.96      0.86      0.91        51
           1       0.83      0.84      0.83        51
           2       0.71      0.88      0.79        51
           3       0.79      0.67      0.72        51

   micro avg       0.81      0.81      0.81       204
   macro avg       0.82      0.81      0.81       204
weighted avg       0.82      0.81      0.81       204
=====================================================
Epoch: 20
[[48  3  0  0]
 [ 3 44  2  2]
 [ 1  5 35 10]
 [ 4  2  1 44]]
OA: 83%
Cohen's kappa: 0.78
              precision    recall  f1-score   support

           0       0.86      0.94      0.90        51
           1       0.81      0.86      0.84        51
           2       0.92      0.69      0.79        51
           3       0.79      0.86      0.82        51

   micro avg       0.84      0.84      0.84       204
   macro avg       0.84      0.84      0.84       204
weighted avg       0.84      0.84      0.84       204
=====================================================
Epoch: 21
[[47  4  0  0]
 [ 2 42  3  4]
 [ 0  1 41  9]
 [ 1  0  4 46]]
OA: 86%
Cohen's kappa: 0.81
              precision    recall  f1-score   support

           0       0.94      0.92      0.93        51
           1       0.89      0.82      0.86        51
           2       0.85      0.80      0.83        51
           3       0.78      0.90      0.84        51

   micro avg       0.86      0.86      0.86       204
   macro avg       0.87      0.86      0.86       204
weighted avg       0.87      0.86      0.86       204
=====================================================
Epoch: 22
[[43  8  0  0]
 [ 3 41  2  5]
 [ 1  1 37 12]
 [ 2  1  2 46]]
OA: 81%
Cohen's kappa: 0.75
              precision    recall  f1-score   support

           0       0.88      0.84      0.86        51
           1       0.80      0.80      0.80        51
           2       0.90      0.73      0.80        51
           3       0.73      0.90      0.81        51

   micro avg       0.82      0.82      0.82       204
   macro avg       0.83      0.82      0.82       204
weighted avg       0.83      0.82      0.82       204
=====================================================
Epoch: 23
[[50  1  0  0]
 [ 5 40  5  1]
 [ 3  1 38  9]
 [ 7  1  3 40]]
OA: 82%
Cohen's kappa: 0.76
              precision    recall  f1-score   support

           0       0.77      0.98      0.86        51
           1       0.93      0.78      0.85        51
           2       0.83      0.75      0.78        51
           3       0.80      0.78      0.79        51

   micro avg       0.82      0.82      0.82       204
   macro avg       0.83      0.82      0.82       204
weighted avg       0.83      0.82      0.82       204
=====================================================
Epoch: 24
[[50  1  0  0]
 [ 4 41  4  2]
 [ 1  4 39  7]
 [ 1  3 12 35]]
OA: 80%
Cohen's kappa: 0.74
              precision    recall  f1-score   support

           0       0.89      0.98      0.93        51
           1       0.84      0.80      0.82        51
           2       0.71      0.76      0.74        51
           3       0.80      0.69      0.74        51

   micro avg       0.81      0.81      0.81       204
   macro avg       0.81      0.81      0.81       204
weighted avg       0.81      0.81      0.81       204
=====================================================
Epoch: 25
[[46  4  1  0]
 [ 2 43  4  2]
 [ 1  3 39  8]
 [ 1  1  6 43]]
OA: 83%
Cohen's kappa: 0.78
              precision    recall  f1-score   support

           0       0.92      0.90      0.91        51
           1       0.84      0.84      0.84        51
           2       0.78      0.76      0.77        51
           3       0.81      0.84      0.83        51

   micro avg       0.84      0.84      0.84       204
   macro avg       0.84      0.84      0.84       204
weighted avg       0.84      0.84      0.84       204
=====================================================
Epoch: 26
[[44  7  0  0]
 [ 3 40  3  5]
 [ 0  2 45  4]
 [ 2  0  6 43]]
OA: 84%
Cohen's kappa: 0.79
              precision    recall  f1-score   support

           0       0.90      0.86      0.88        51
           1       0.82      0.78      0.80        51
           2       0.83      0.88      0.86        51
           3       0.83      0.84      0.83        51

   micro avg       0.84      0.84      0.84       204
   macro avg       0.84      0.84      0.84       204
weighted avg       0.84      0.84      0.84       204
=====================================================
Epoch: 27
[[41  5  0  5]
 [ 2 43  2  4]
 [ 1  4 38  8]
 [ 1  0  3 47]]
OA: 82%
Cohen's kappa: 0.77
              precision    recall  f1-score   support

           0       0.91      0.80      0.85        51
           1       0.83      0.84      0.83        51
           2       0.88      0.75      0.81        51
           3       0.73      0.92      0.82        51

   micro avg       0.83      0.83      0.83       204
   macro avg       0.84      0.83      0.83       204
weighted avg       0.84      0.83      0.83       204
=====================================================
Epoch: 28
[[46  3  1  1]
 [ 2 43  5  1]
 [ 0  1 37 13]
 [ 1  0  3 47]]
OA: 84%
Cohen's kappa: 0.79
              precision    recall  f1-score   support

           0       0.94      0.90      0.92        51
           1       0.91      0.84      0.88        51
           2       0.80      0.73      0.76        51
           3       0.76      0.92      0.83        51

   micro avg       0.85      0.85      0.85       204
   macro avg       0.85      0.85      0.85       204
weighted avg       0.85      0.85      0.85       204
=====================================================
Epoch: 29
[[44  7  0  0]
 [ 2 46  2  1]
 [ 0  5 40  6]
 [ 0  1  6 44]]
OA: 85%
Cohen's kappa: 0.8
              precision    recall  f1-score   support

           0       0.96      0.86      0.91        51
           1       0.78      0.90      0.84        51
           2       0.83      0.78      0.81        51
           3       0.86      0.86      0.86        51

   micro avg       0.85      0.85      0.85       204
   macro avg       0.86      0.85      0.85       204
weighted avg       0.86      0.85      0.85       204
=====================================================
Epoch: 30
[[42  8  1  0]
 [ 2 42  4  3]
 [ 0  3 43  5]
 [ 0  0 11 40]]
OA: 81%
Cohen's kappa: 0.75
              precision    recall  f1-score   support

           0       0.95      0.82      0.88        51
           1       0.79      0.82      0.81        51
           2       0.73      0.84      0.78        51
           3       0.83      0.78      0.81        51

   micro avg       0.82      0.82      0.82       204
   macro avg       0.83      0.82      0.82       204
weighted avg       0.83      0.82      0.82       204
=====================================================
Epoch: 31
[[50  1  0  0]
 [ 2 43  3  3]
 [ 1  3 37 10]
 [ 0  1  1 49]]
OA: 87%
Cohen's kappa: 0.83
              precision    recall  f1-score   support

           0       0.94      0.98      0.96        51
           1       0.90      0.84      0.87        51
           2       0.90      0.73      0.80        51
           3       0.79      0.96      0.87        51

   micro avg       0.88      0.88      0.88       204
   macro avg       0.88      0.88      0.88       204
weighted avg       0.88      0.88      0.88       204
=====================================================
Epoch: 32
[[43  6  2  0]
 [ 1 43  5  2]
 [ 0  3 40  8]
 [ 0  0  7 44]]
OA: 83%
Cohen's kappa: 0.77
              precision    recall  f1-score   support

           0       0.98      0.84      0.91        51
           1       0.83      0.84      0.83        51
           2       0.74      0.78      0.76        51
           3       0.81      0.86      0.84        51

   micro avg       0.83      0.83      0.83       204
   macro avg       0.84      0.83      0.84       204
weighted avg       0.84      0.83      0.84       204
=====================================================
Epoch: 33
[[47  4  0  0]
 [ 2 44  2  3]
 [ 0  6 43  2]
 [ 1  1 10 39]]
OA: 84%
Cohen's kappa: 0.79
              precision    recall  f1-score   support

           0       0.94      0.92      0.93        51
           1       0.80      0.86      0.83        51
           2       0.78      0.84      0.81        51
           3       0.89      0.76      0.82        51

   micro avg       0.85      0.85      0.85       204
   macro avg       0.85      0.85      0.85       204
weighted avg       0.85      0.85      0.85       204
=====================================================
Epoch: 34
[[43  6  0  2]
 [ 1 45  3  2]
 [ 0  4 35 12]
 [ 0  2  3 46]]
OA: 82%
Cohen's kappa: 0.77
              precision    recall  f1-score   support

           0       0.98      0.84      0.91        51
           1       0.79      0.88      0.83        51
           2       0.85      0.69      0.76        51
           3       0.74      0.90      0.81        51

   micro avg       0.83      0.83      0.83       204
   macro avg       0.84      0.83      0.83       204
weighted avg       0.84      0.83      0.83       204
=====================================================
Epoch: 35
[[44  6  0  1]
 [ 1 44  3  3]
 [ 0  3 41  7]
 [ 0  0  9 42]]
OA: 83%
Cohen's kappa: 0.78
              precision    recall  f1-score   support

           0       0.98      0.86      0.92        51
           1       0.83      0.86      0.85        51
           2       0.77      0.80      0.79        51
           3       0.79      0.82      0.81        51

   micro avg       0.84      0.84      0.84       204
   macro avg       0.84      0.84      0.84       204
weighted avg       0.84      0.84      0.84       204
=====================================================
Epoch: 36
[[47  2  0  2]
 [ 3 35 11  2]
 [ 0  1 44  6]
 [ 1  0  8 42]]
OA: 82%
Cohen's kappa: 0.76
              precision    recall  f1-score   support

           0       0.92      0.92      0.92        51
           1       0.92      0.69      0.79        51
           2       0.70      0.86      0.77        51
           3       0.81      0.82      0.82        51

   micro avg       0.82      0.82      0.82       204
   macro avg       0.84      0.82      0.82       204
weighted avg       0.84      0.82      0.82       204
=====================================================
Epoch: 37
[[49  1  0  1]
 [ 2 39  6  4]
 [ 2  2 38  9]
 [ 2  0  3 46]]
OA: 84%
Cohen's kappa: 0.79
              precision    recall  f1-score   support

           0       0.89      0.96      0.92        51
           1       0.93      0.76      0.84        51
           2       0.81      0.75      0.78        51
           3       0.77      0.90      0.83        51

   micro avg       0.84      0.84      0.84       204
   macro avg       0.85      0.84      0.84       204
weighted avg       0.85      0.84      0.84       204
=====================================================
Epoch: 38
[[49  2  0  0]
 [ 5 39  4  3]
 [ 4  6 34  7]
 [ 4  1  3 43]]
OA: 80%
Cohen's kappa: 0.74
              precision    recall  f1-score   support

           0       0.79      0.96      0.87        51
           1       0.81      0.76      0.79        51
           2       0.83      0.67      0.74        51
           3       0.81      0.84      0.83        51

   micro avg       0.81      0.81      0.81       204
   macro avg       0.81      0.81      0.81       204
weighted avg       0.81      0.81      0.81       204
=====================================================
Epoch: 39
[[45  1  0  5]
 [ 2 34  8  7]
 [ 0  1 45  5]
 [ 1  0  9 41]]
OA: 80%
Cohen's kappa: 0.74
              precision    recall  f1-score   support

           0       0.94      0.88      0.91        51
           1       0.94      0.67      0.78        51
           2       0.73      0.88      0.80        51
           3       0.71      0.80      0.75        51

   micro avg       0.81      0.81      0.81       204
   macro avg       0.83      0.81      0.81       204
weighted avg       0.83      0.81      0.81       204
=====================================================
Epoch: 40
[[43  6  0  2]
 [ 1 45  3  2]
 [ 0  9 40  2]
 [ 1  1  8 41]]
OA: 82%
Cohen's kappa: 0.77
              precision    recall  f1-score   support

           0       0.96      0.84      0.90        51
           1       0.74      0.88      0.80        51
           2       0.78      0.78      0.78        51
           3       0.87      0.80      0.84        51

   micro avg       0.83      0.83      0.83       204
   macro avg       0.84      0.83      0.83       204
weighted avg       0.84      0.83      0.83       204
=====================================================
Epoch: 41
[[44  3  0  4]
 [ 2 40  6  3]
 [ 0  2 37 12]
 [ 0  1  2 48]]
OA: 82%
Cohen's kappa: 0.77
              precision    recall  f1-score   support

           0       0.96      0.86      0.91        51
           1       0.87      0.78      0.82        51
           2       0.82      0.73      0.77        51
           3       0.72      0.94      0.81        51

   micro avg       0.83      0.83      0.83       204
   macro avg       0.84      0.83      0.83       204
weighted avg       0.84      0.83      0.83       204
=====================================================
Epoch: 42
[[48  3  0  0]
 [ 2 42  3  4]
 [ 0  2 42  7]
 [ 3  0  7 41]]
OA: 84%
Cohen's kappa: 0.79
              precision    recall  f1-score   support

           0       0.91      0.94      0.92        51
           1       0.89      0.82      0.86        51
           2       0.81      0.82      0.82        51
           3       0.79      0.80      0.80        51

   micro avg       0.85      0.85      0.85       204
   macro avg       0.85      0.85      0.85       204
weighted avg       0.85      0.85      0.85       204
=====================================================
Epoch: 43
[[42  3  1  5]
 [ 3 40  4  4]
 [ 0  2 42  7]
 [ 0  0  3 48]]
OA: 84%
Cohen's kappa: 0.79
              precision    recall  f1-score   support

           0       0.93      0.82      0.87        51
           1       0.89      0.78      0.83        51
           2       0.84      0.82      0.83        51
           3       0.75      0.94      0.83        51

   micro avg       0.84      0.84      0.84       204
   macro avg       0.85      0.84      0.84       204
weighted avg       0.85      0.84      0.84       204
=====================================================
Epoch: 44
[[43  4  1  3]
 [ 1 44  5  1]
 [ 0  2 42  7]
 [ 1  0  4 46]]
OA: 85%
Cohen's kappa: 0.81
              precision    recall  f1-score   support

           0       0.96      0.84      0.90        51
           1       0.88      0.86      0.87        51
           2       0.81      0.82      0.82        51
           3       0.81      0.90      0.85        51

   micro avg       0.86      0.86      0.86       204
   macro avg       0.86      0.86      0.86       204
weighted avg       0.86      0.86      0.86       204
