=====================================================
Epoch: 1
[[47  4  0  0]
 [ 5 38  3  5]
 [ 0  4 44  3]
 [ 0  4 20 27]]
OA: 76%
Cohen's kappa: 0.68
              precision    recall  f1-score   support

           0       0.90      0.92      0.91        51
           1       0.76      0.75      0.75        51
           2       0.66      0.86      0.75        51
           3       0.77      0.53      0.63        51

   micro avg       0.76      0.76      0.76       204
   macro avg       0.77      0.76      0.76       204
weighted avg       0.77      0.76      0.76       204
=====================================================
Epoch: 2
[[50  1  0  0]
 [ 6 26 14  5]
 [ 0  1 44  6]
 [ 0  0 21 30]]
OA: 73%
Cohen's kappa: 0.64
              precision    recall  f1-score   support

           0       0.89      0.98      0.93        51
           1       0.93      0.51      0.66        51
           2       0.56      0.86      0.68        51
           3       0.73      0.59      0.65        51

   micro avg       0.74      0.74      0.74       204
   macro avg       0.78      0.74      0.73       204
weighted avg       0.78      0.74      0.73       204
=====================================================
Epoch: 3
[[41  4  0  6]
 [ 4 26  7 14]
 [ 0  1 45  5]
 [ 0  0 19 32]]
OA: 70%
Cohen's kappa: 0.6
              precision    recall  f1-score   support

           0       0.91      0.80      0.85        51
           1       0.84      0.51      0.63        51
           2       0.63      0.88      0.74        51
           3       0.56      0.63      0.59        51

   micro avg       0.71      0.71      0.71       204
   macro avg       0.74      0.71      0.70       204
weighted avg       0.74      0.71      0.70       204
=====================================================
Epoch: 4
[[48  1  2  0]
 [ 5 33 10  3]
 [ 0  1 39 11]
 [ 1  2 15 33]]
OA: 75%
Cohen's kappa: 0.66
              precision    recall  f1-score   support

           0       0.89      0.94      0.91        51
           1       0.89      0.65      0.75        51
           2       0.59      0.76      0.67        51
           3       0.70      0.65      0.67        51

   micro avg       0.75      0.75      0.75       204
   macro avg       0.77      0.75      0.75       204
weighted avg       0.77      0.75      0.75       204
=====================================================
Epoch: 5
[[42  2  0  7]
 [ 0 30  9 12]
 [ 0  1 31 19]
 [ 0  0 13 38]]
OA: 69%
Cohen's kappa: 0.58
              precision    recall  f1-score   support

           0       1.00      0.82      0.90        51
           1       0.91      0.59      0.71        51
           2       0.58      0.61      0.60        51
           3       0.50      0.75      0.60        51

   micro avg       0.69      0.69      0.69       204
   macro avg       0.75      0.69      0.70       204
weighted avg       0.75      0.69      0.70       204
=====================================================
Epoch: 6
[[51  0  0  0]
 [ 9 36  3  3]
 [ 0  5 25 21]
 [ 0  0  0 51]]
OA: 79%
Cohen's kappa: 0.73
              precision    recall  f1-score   support

           0       0.85      1.00      0.92        51
           1       0.88      0.71      0.78        51
           2       0.89      0.49      0.63        51
           3       0.68      1.00      0.81        51

   micro avg       0.80      0.80      0.80       204
   macro avg       0.83      0.80      0.79       204
weighted avg       0.83      0.80      0.79       204
=====================================================
Epoch: 7
[[32 12  0  7]
 [ 1 43  4  3]
 [ 0  4 34 13]
 [ 0  1  7 43]]
OA: 74%
Cohen's kappa: 0.66
              precision    recall  f1-score   support

           0       0.97      0.63      0.76        51
           1       0.72      0.84      0.77        51
           2       0.76      0.67      0.71        51
           3       0.65      0.84      0.74        51

   micro avg       0.75      0.75      0.75       204
   macro avg       0.77      0.75      0.75       204
weighted avg       0.77      0.75      0.75       204
=====================================================
Epoch: 8
[[51  0  0  0]
 [12 32  2  5]
 [ 0  3 20 28]
 [ 1  1  0 49]]
OA: 74%
Cohen's kappa: 0.66
              precision    recall  f1-score   support

           0       0.80      1.00      0.89        51
           1       0.89      0.63      0.74        51
           2       0.91      0.39      0.55        51
           3       0.60      0.96      0.74        51

   micro avg       0.75      0.75      0.75       204
   macro avg       0.80      0.75      0.73       204
weighted avg       0.80      0.75      0.73       204
=====================================================
Epoch: 9
[[50  1  0  0]
 [ 7 34  3  7]
 [ 0  3 31 17]
 [ 1  0  4 46]]
OA: 78%
Cohen's kappa: 0.71
              precision    recall  f1-score   support

           0       0.86      0.98      0.92        51
           1       0.89      0.67      0.76        51
           2       0.82      0.61      0.70        51
           3       0.66      0.90      0.76        51

   micro avg       0.79      0.79      0.79       204
   macro avg       0.81      0.79      0.78       204
weighted avg       0.81      0.79      0.78       204
=====================================================
Epoch: 10
[[33 17  0  1]
 [ 0 46  3  2]
 [ 1  5 34 11]
 [ 0  2  6 43]]
OA: 76%
Cohen's kappa: 0.68
              precision    recall  f1-score   support

           0       0.97      0.65      0.78        51
           1       0.66      0.90      0.76        51
           2       0.79      0.67      0.72        51
           3       0.75      0.84      0.80        51

   micro avg       0.76      0.76      0.76       204
   macro avg       0.79      0.76      0.76       204
weighted avg       0.79      0.76      0.76       204
=====================================================
Epoch: 11
[[49  2  0  0]
 [ 0 41  8  2]
 [ 0  2 36 13]
 [ 1  1 14 35]]
OA: 78%
Cohen's kappa: 0.71
              precision    recall  f1-score   support

           0       0.98      0.96      0.97        51
           1       0.89      0.80      0.85        51
           2       0.62      0.71      0.66        51
           3       0.70      0.69      0.69        51

   micro avg       0.79      0.79      0.79       204
   macro avg       0.80      0.79      0.79       204
weighted avg       0.80      0.79      0.79       204
=====================================================
Epoch: 12
[[47  4  0  0]
 [ 3 45  1  2]
 [ 0  5 22 24]
 [ 1  5  3 42]]
OA: 76%
Cohen's kappa: 0.68
              precision    recall  f1-score   support

           0       0.92      0.92      0.92        51
           1       0.76      0.88      0.82        51
           2       0.85      0.43      0.57        51
           3       0.62      0.82      0.71        51

   micro avg       0.76      0.76      0.76       204
   macro avg       0.79      0.76      0.75       204
weighted avg       0.79      0.76      0.75       204
=====================================================
Epoch: 13
[[48  3  0  0]
 [ 4 42  1  4]
 [ 0  4 34 13]
 [ 1  1  8 41]]
OA: 80%
Cohen's kappa: 0.74
              precision    recall  f1-score   support

           0       0.91      0.94      0.92        51
           1       0.84      0.82      0.83        51
           2       0.79      0.67      0.72        51
           3       0.71      0.80      0.75        51

   micro avg       0.81      0.81      0.81       204
   macro avg       0.81      0.81      0.81       204
weighted avg       0.81      0.81      0.81       204
=====================================================
Epoch: 14
[[50  1  0  0]
 [ 4 41  3  3]
 [ 0  3 35 13]
 [ 1  4  7 39]]
OA: 80%
Cohen's kappa: 0.74
              precision    recall  f1-score   support

           0       0.91      0.98      0.94        51
           1       0.84      0.80      0.82        51
           2       0.78      0.69      0.73        51
           3       0.71      0.76      0.74        51

   micro avg       0.81      0.81      0.81       204
   macro avg       0.81      0.81      0.81       204
weighted avg       0.81      0.81      0.81       204
=====================================================
Epoch: 15
[[46  2  0  3]
 [ 4 38  3  6]
 [ 0  3 30 18]
 [ 0  6  3 42]]
OA: 76%
Cohen's kappa: 0.68
              precision    recall  f1-score   support

           0       0.92      0.90      0.91        51
           1       0.78      0.75      0.76        51
           2       0.83      0.59      0.69        51
           3       0.61      0.82      0.70        51

   micro avg       0.76      0.76      0.76       204
   macro avg       0.78      0.76      0.77       204
weighted avg       0.78      0.76      0.77       204
=====================================================
Epoch: 16
[[50  1  0  0]
 [ 3 37  8  3]
 [ 0  2 45  4]
 [ 0  1 20 30]]
OA: 79%
Cohen's kappa: 0.72
              precision    recall  f1-score   support

           0       0.94      0.98      0.96        51
           1       0.90      0.73      0.80        51
           2       0.62      0.88      0.73        51
           3       0.81      0.59      0.68        51

   micro avg       0.79      0.79      0.79       204
   macro avg       0.82      0.79      0.79       204
weighted avg       0.82      0.79      0.79       204
=====================================================
Epoch: 17
[[44  6  0  1]
 [ 1 43  4  3]
 [ 0  3 41  7]
 [ 1  3  6 41]]
OA: 82%
Cohen's kappa: 0.77
              precision    recall  f1-score   support

           0       0.96      0.86      0.91        51
           1       0.78      0.84      0.81        51
           2       0.80      0.80      0.80        51
           3       0.79      0.80      0.80        51

   micro avg       0.83      0.83      0.83       204
   macro avg       0.83      0.83      0.83       204
weighted avg       0.83      0.83      0.83       204
=====================================================
Epoch: 18
[[50  1  0  0]
 [ 7 30  7  7]
 [ 0  1 44  6]
 [ 0  0  9 42]]
OA: 81%
Cohen's kappa: 0.75
              precision    recall  f1-score   support

           0       0.88      0.98      0.93        51
           1       0.94      0.59      0.72        51
           2       0.73      0.86      0.79        51
           3       0.76      0.82      0.79        51

   micro avg       0.81      0.81      0.81       204
   macro avg       0.83      0.81      0.81       204
weighted avg       0.83      0.81      0.81       204
=====================================================
Epoch: 19
[[45  6  0  0]
 [ 0 43  6  2]
 [ 0  3 43  5]
 [ 1  0 11 39]]
OA: 83%
Cohen's kappa: 0.77
              precision    recall  f1-score   support

           0       0.98      0.88      0.93        51
           1       0.83      0.84      0.83        51
           2       0.72      0.84      0.77        51
           3       0.85      0.76      0.80        51

   micro avg       0.83      0.83      0.83       204
   macro avg       0.84      0.83      0.84       204
weighted avg       0.84      0.83      0.84       204
=====================================================
Epoch: 20
[[47  3  0  1]
 [ 1 42  4  4]
 [ 1  5 36  9]
 [ 2  2  4 43]]
OA: 82%
Cohen's kappa: 0.76
              precision    recall  f1-score   support

           0       0.92      0.92      0.92        51
           1       0.81      0.82      0.82        51
           2       0.82      0.71      0.76        51
           3       0.75      0.84      0.80        51

   micro avg       0.82      0.82      0.82       204
   macro avg       0.83      0.82      0.82       204
weighted avg       0.83      0.82      0.82       204
=====================================================
Epoch: 21
[[42  8  0  1]
 [ 1 44  2  4]
 [ 0  4 41  6]
 [ 0  0  6 45]]
OA: 84%
Cohen's kappa: 0.79
              precision    recall  f1-score   support

           0       0.98      0.82      0.89        51
           1       0.79      0.86      0.82        51
           2       0.84      0.80      0.82        51
           3       0.80      0.88      0.84        51

   micro avg       0.84      0.84      0.84       204
   macro avg       0.85      0.84      0.84       204
weighted avg       0.85      0.84      0.84       204
=====================================================
Epoch: 22
[[47  3  0  1]
 [ 8 36  3  4]
 [ 0  3 43  5]
 [ 1  2 10 38]]
OA: 80%
Cohen's kappa: 0.73
              precision    recall  f1-score   support

           0       0.84      0.92      0.88        51
           1       0.82      0.71      0.76        51
           2       0.77      0.84      0.80        51
           3       0.79      0.75      0.77        51

   micro avg       0.80      0.80      0.80       204
   macro avg       0.80      0.80      0.80       204
weighted avg       0.80      0.80      0.80       204
=====================================================
Epoch: 23
[[45  5  0  1]
 [ 0 40  7  4]
 [ 1  4 36 10]
 [ 0  2  5 44]]
OA: 80%
Cohen's kappa: 0.74
              precision    recall  f1-score   support

           0       0.98      0.88      0.93        51
           1       0.78      0.78      0.78        51
           2       0.75      0.71      0.73        51
           3       0.75      0.86      0.80        51

   micro avg       0.81      0.81      0.81       204
   macro avg       0.81      0.81      0.81       204
weighted avg       0.81      0.81      0.81       204
=====================================================
Epoch: 24
[[46  5  0  0]
 [ 0 46  2  3]
 [ 1  4 37  9]
 [ 0  4  9 38]]
OA: 81%
Cohen's kappa: 0.75
              precision    recall  f1-score   support

           0       0.98      0.90      0.94        51
           1       0.78      0.90      0.84        51
           2       0.77      0.73      0.75        51
           3       0.76      0.75      0.75        51

   micro avg       0.82      0.82      0.82       204
   macro avg       0.82      0.82      0.82       204
weighted avg       0.82      0.82      0.82       204
=====================================================
Epoch: 25
[[48  3  0  0]
 [ 0 45  4  2]
 [ 0  7 36  8]
 [ 0  4  6 41]]
OA: 83%
Cohen's kappa: 0.77
              precision    recall  f1-score   support

           0       1.00      0.94      0.97        51
           1       0.76      0.88      0.82        51
           2       0.78      0.71      0.74        51
           3       0.80      0.80      0.80        51

   micro avg       0.83      0.83      0.83       204
   macro avg       0.84      0.83      0.83       204
weighted avg       0.84      0.83      0.83       204
=====================================================
Epoch: 26
[[46  3  0  2]
 [ 0 42  3  6]
 [ 0  2 41  8]
 [ 0  3  3 45]]
OA: 85%
Cohen's kappa: 0.8
              precision    recall  f1-score   support

           0       1.00      0.90      0.95        51
           1       0.84      0.82      0.83        51
           2       0.87      0.80      0.84        51
           3       0.74      0.88      0.80        51

   micro avg       0.85      0.85      0.85       204
   macro avg       0.86      0.85      0.86       204
weighted avg       0.86      0.85      0.86       204
=====================================================
Epoch: 27
[[47  4  0  0]
 [ 1 44  3  3]
 [ 0  6 37  8]
 [ 0  4  4 43]]
OA: 83%
Cohen's kappa: 0.78
              precision    recall  f1-score   support

           0       0.98      0.92      0.95        51
           1       0.76      0.86      0.81        51
           2       0.84      0.73      0.78        51
           3       0.80      0.84      0.82        51

   micro avg       0.84      0.84      0.84       204
   macro avg       0.84      0.84      0.84       204
weighted avg       0.84      0.84      0.84       204
=====================================================
Epoch: 28
[[38 13  0  0]
 [ 0 46  2  3]
 [ 0  5 43  3]
 [ 1  7 11 32]]
OA: 77%
Cohen's kappa: 0.7
              precision    recall  f1-score   support

           0       0.97      0.75      0.84        51
           1       0.65      0.90      0.75        51
           2       0.77      0.84      0.80        51
           3       0.84      0.63      0.72        51

   micro avg       0.78      0.78      0.78       204
   macro avg       0.81      0.78      0.78       204
weighted avg       0.81      0.78      0.78       204
=====================================================
Epoch: 29
[[48  3  0  0]
 [ 2 44  3  2]
 [ 1  2 46  2]
 [ 0  2 15 34]]
OA: 84%
Cohen's kappa: 0.79
              precision    recall  f1-score   support

           0       0.94      0.94      0.94        51
           1       0.86      0.86      0.86        51
           2       0.72      0.90      0.80        51
           3       0.89      0.67      0.76        51

   micro avg       0.84      0.84      0.84       204
   macro avg       0.85      0.84      0.84       204
weighted avg       0.85      0.84      0.84       204
=====================================================
Epoch: 30
[[46  5  0  0]
 [ 0 42  6  3]
 [ 0  5 38  8]
 [ 0  2  9 40]]
OA: 81%
Cohen's kappa: 0.75
              precision    recall  f1-score   support

           0       1.00      0.90      0.95        51
           1       0.78      0.82      0.80        51
           2       0.72      0.75      0.73        51
           3       0.78      0.78      0.78        51

   micro avg       0.81      0.81      0.81       204
   macro avg       0.82      0.81      0.82       204
weighted avg       0.82      0.81      0.82       204
=====================================================
Epoch: 31
[[45  3  1  2]
 [ 3 40  6  2]
 [ 0  3 40  8]
 [ 0  0 11 40]]
OA: 80%
Cohen's kappa: 0.74
              precision    recall  f1-score   support

           0       0.94      0.88      0.91        51
           1       0.87      0.78      0.82        51
           2       0.69      0.78      0.73        51
           3       0.77      0.78      0.78        51

   micro avg       0.81      0.81      0.81       204
   macro avg       0.82      0.81      0.81       204
weighted avg       0.82      0.81      0.81       204
=====================================================
Epoch: 32
[[40 10  0  1]
 [ 0 45  5  1]
 [ 0  5 33 13]
 [ 0  5  9 37]]
OA: 75%
Cohen's kappa: 0.67
              precision    recall  f1-score   support

           0       1.00      0.78      0.88        51
           1       0.69      0.88      0.78        51
           2       0.70      0.65      0.67        51
           3       0.71      0.73      0.72        51

   micro avg       0.76      0.76      0.76       204
   macro avg       0.78      0.76      0.76       204
weighted avg       0.78      0.76      0.76       204
=====================================================
Epoch: 33
[[45  5  0  1]
 [ 0 45  4  2]
 [ 0  4 29 18]
 [ 0  5  3 43]]
OA: 79%
Cohen's kappa: 0.72
              precision    recall  f1-score   support

           0       1.00      0.88      0.94        51
           1       0.76      0.88      0.82        51
           2       0.81      0.57      0.67        51
           3       0.67      0.84      0.75        51

   micro avg       0.79      0.79      0.79       204
   macro avg       0.81      0.79      0.79       204
weighted avg       0.81      0.79      0.79       204
=====================================================
Epoch: 34
[[42  9  0  0]
 [ 0 50  1  0]
 [ 0  7 38  6]
 [ 0 13  3 35]]
OA: 80%
Cohen's kappa: 0.74
              precision    recall  f1-score   support

           0       1.00      0.82      0.90        51
           1       0.63      0.98      0.77        51
           2       0.90      0.75      0.82        51
           3       0.85      0.69      0.76        51

   micro avg       0.81      0.81      0.81       204
   macro avg       0.85      0.81      0.81       204
weighted avg       0.85      0.81      0.81       204
=====================================================
Epoch: 35
[[46  4  0  1]
 [ 0 42  7  2]
 [ 0  2 41  8]
 [ 0  2  9 40]]
OA: 82%
Cohen's kappa: 0.77
              precision    recall  f1-score   support

           0       1.00      0.90      0.95        51
           1       0.84      0.82      0.83        51
           2       0.72      0.80      0.76        51
           3       0.78      0.78      0.78        51

   micro avg       0.83      0.83      0.83       204
   macro avg       0.84      0.83      0.83       204
weighted avg       0.84      0.83      0.83       204
=====================================================
Epoch: 36
[[48  2  0  1]
 [ 0 45  3  3]
 [ 0  6 41  4]
 [ 1  1 11 38]]
OA: 84%
Cohen's kappa: 0.79
              precision    recall  f1-score   support

           0       0.98      0.94      0.96        51
           1       0.83      0.88      0.86        51
           2       0.75      0.80      0.77        51
           3       0.83      0.75      0.78        51

   micro avg       0.84      0.84      0.84       204
   macro avg       0.85      0.84      0.84       204
weighted avg       0.85      0.84      0.84       204
=====================================================
Epoch: 37
[[48  2  0  1]
 [ 1 44  4  2]
 [ 0  5 37  9]
 [ 1  0  7 43]]
OA: 84%
Cohen's kappa: 0.79
              precision    recall  f1-score   support

           0       0.96      0.94      0.95        51
           1       0.86      0.86      0.86        51
           2       0.77      0.73      0.75        51
           3       0.78      0.84      0.81        51

   micro avg       0.84      0.84      0.84       204
   macro avg       0.84      0.84      0.84       204
weighted avg       0.84      0.84      0.84       204
=====================================================
Epoch: 38
[[44  5  0  2]
 [ 0 44  3  4]
 [ 0  5 33 13]
 [ 0  0  8 43]]
OA: 80%
Cohen's kappa: 0.73
              precision    recall  f1-score   support

           0       1.00      0.86      0.93        51
           1       0.81      0.86      0.84        51
           2       0.75      0.65      0.69        51
           3       0.69      0.84      0.76        51

   micro avg       0.80      0.80      0.80       204
   macro avg       0.81      0.80      0.81       204
weighted avg       0.81      0.80      0.81       204
=====================================================
Epoch: 39
[[39 11  0  1]
 [ 0 44  6  1]
 [ 0  3 45  3]
 [ 0  0 19 32]]
OA: 78%
Cohen's kappa: 0.71
              precision    recall  f1-score   support

           0       1.00      0.76      0.87        51
           1       0.76      0.86      0.81        51
           2       0.64      0.88      0.74        51
           3       0.86      0.63      0.73        51

   micro avg       0.78      0.78      0.78       204
   macro avg       0.82      0.78      0.79       204
weighted avg       0.82      0.78      0.79       204
=====================================================
Epoch: 40
[[48  2  0  1]
 [ 2 41  6  2]
 [ 0  3 36 12]
 [ 1  0  8 42]]
OA: 81%
Cohen's kappa: 0.75
              precision    recall  f1-score   support

           0       0.94      0.94      0.94        51
           1       0.89      0.80      0.85        51
           2       0.72      0.71      0.71        51
           3       0.74      0.82      0.78        51

   micro avg       0.82      0.82      0.82       204
   macro avg       0.82      0.82      0.82       204
weighted avg       0.82      0.82      0.82       204
=====================================================
Epoch: 41
[[47  3  0  1]
 [ 1 45  4  1]
 [ 1  7 39  4]
 [ 1  3 11 36]]
OA: 81%
Cohen's kappa: 0.75
              precision    recall  f1-score   support

           0       0.94      0.92      0.93        51
           1       0.78      0.88      0.83        51
           2       0.72      0.76      0.74        51
           3       0.86      0.71      0.77        51

   micro avg       0.82      0.82      0.82       204
   macro avg       0.82      0.82      0.82       204
weighted avg       0.82      0.82      0.82       204
=====================================================
Epoch: 42
[[47  3  0  1]
 [ 2 42  4  3]
 [ 1  6 38  6]
 [ 2  1  9 39]]
OA: 81%
Cohen's kappa: 0.75
              precision    recall  f1-score   support

           0       0.90      0.92      0.91        51
           1       0.81      0.82      0.82        51
           2       0.75      0.75      0.75        51
           3       0.80      0.76      0.78        51

   micro avg       0.81      0.81      0.81       204
   macro avg       0.81      0.81      0.81       204
weighted avg       0.81      0.81      0.81       204
=====================================================
Epoch: 43
[[46  3  0  2]
 [ 1 42  5  3]
 [ 0  3 40  8]
 [ 0  0  7 44]]
OA: 84%
Cohen's kappa: 0.79
              precision    recall  f1-score   support

           0       0.98      0.90      0.94        51
           1       0.88      0.82      0.85        51
           2       0.77      0.78      0.78        51
           3       0.77      0.86      0.81        51

   micro avg       0.84      0.84      0.84       204
   macro avg       0.85      0.84      0.84       204
weighted avg       0.85      0.84      0.84       204
=====================================================
Epoch: 44
[[49  1  1  0]
 [ 2 44  2  3]
 [ 1  4 44  2]
 [ 1  2 12 36]]
OA: 84%
Cohen's kappa: 0.79
              precision    recall  f1-score   support

           0       0.92      0.96      0.94        51
           1       0.86      0.86      0.86        51
           2       0.75      0.86      0.80        51
           3       0.88      0.71      0.78        51

   micro avg       0.85      0.85      0.85       204
   macro avg       0.85      0.85      0.85       204
weighted avg       0.85      0.85      0.85       204
